 CrID_1 CrID_2 CrID_3 CrID_4 CrID_5 CrID_6 CrID_7
           1           0           1           1           0           0           0
           1           0           1           1           0           0           0
           1           0           1           1           0           0           0
           1           0           1           1           0           0           0
           1           0           1           1           0           0           0
           1           0           1           1           0           0           0
           1           0           1           1           0           0           0
           1           0           1           1           0           0           0
           1           0           1           1           0           0           0
           1           0           1           1           0           0           0
           1           0           1           1           0           0           0
           1           0           1           1           0           0           0
           1           0           1           1           0           0           0
           1           0           1           1           0           0           0
           1           0           1           1           0           0           0
           1           0           1           1           0           0           0
           1           0           1           1           0           0           0
           1           0           1           1           0           0           0
           1           0           1           1           0           0           0
           1           0           1           1           0           0           0
           1           0           1           1           0           0           0
           1           0           1           1           0           0           0
           1           0           1           1           0           0           0
           1           0           1           1           0           0           0
           1           0           1           1           0           0           0
           1           0           1           1           0           0           0
           1           0           1           1           0           0           0
           1           0           1           1           0           0           0
           1           0           1           1           0           0           0
           1           0           1           1           0           0           0
           1           0           1           1           0           0           0
           1           0           1           1           0           0           0
           1           0           1           1           0           0           0
           1           0           1           1           0           0           0
           1           0           1           1           0           0           0
           1           0           1           1           0           0           0
           1           0           1           1           0           0           0
           1           0           1           1           0           0           0
           1           0           1           1           0           0           0
           1           0           1           1           0           0           0
           1           0           1           1           0           0           0
           1           0           1           1           0           0           0
           1           0           1           1           0           0           0
           1           0           1           1           0           0           0
           1           0           1           1           0           0           0
           1           0           1           1           0           0           0
           1           0           1           1           0           0           0
           1           0           1           1           0           0           0
           1           0           1           1           0           0           0
           1           0           1           1           0           0           0
           1           0           1           1           0           0           0
           1           0           1           1           0           0           0
           1           0           1           1           0           0           0
           1           0           1           1           0           0           0
           1           0           1           1           0           0           0
           1           0           1           1           0           0           0
           1           0           1           1           0           0           0
           1           0           1           1           0           0           0
           1           0           1           1           0           0           0
           1           0           1           1           0           0           0
           1           0           1           0           0           0           0
           1           0           1           0           0           0           0
           1           0           1           0           0           0           0
           1           0           1           0           0           0           0
           1           0           1           0           0           0           0
           1           0           1           0           0           0           0
           1           0           1           0           0           0           0
           1           0           1           0           0           0           0
           1           0           1           0           0           0           0
           1           0           1           0           0           0           0
           1           0           1           0           0           0           0
           1           0           1           0           0           0           0
           1           0           1           0           0           0           0
           1           0           1           0           0           0           0
           1           0           1           0           0           0           0
           1           0           1           0           0           0           0
           1           0           1           0           0           0           0
           1           0           1           0           0           0           0
           1           0           1           0           0           0           0
           1           0           1           0           0           0           1
           1           0           1           0           0           0           1
           1           0           1           0           0           0           1
           1           0           1           0           0           0           1
           1           0           0           0           0           0           1
           1           0           0           0           0           0           1
           2           0           0           0           0           0           1
           2           0           0           0           0           0           1
           2           0           0           0           0           0           1
           2           0           0           0           0           0           1
           2           0           0           0           0           0           1
           2           0           0           0           0           0           1
           2           0           0           0           0           0           1
           2           0           0           0           0           0           1
           2           0           0           0           0           0           1
           2           0           0           0           0           0           1
           2           0           0           0           0           0           1
           2           0           0           0           0           0           1
           2           0           0           0           0           0           1
           2           0           0           0           0           0           1
           2           0           0           0           0           0           1
           2           0           0           0           0           0           1
           2           0           0           0           0           0           1
           2           0           0           0           0           0           1
           2           1           1           1           0           0           1
           2           1           1           1           0           0           1
           2           1           1           1           0           0           1
           2           1           1           1           0           0           1
           2           1           1           1           0           0           1
           2           1           1           1           0           0           1
           2           1           1           1           0           0           1
           2           1           1           1           0           1           1
           2           1           1           1           0           1           1
           2           1           1           1           0           1           2
           2           1           1           1           0           1           2
           2           1           1           1           0           1           2
           2           1           1           1           0           1           2
           2           1           1           1           0           1           2
           2           1           1           1           0           1           2
           2           1           1           1           0           1           2
           2           1           1           1           0           1           2
           2           1           1           1           0           1           2
           2           1           1           1           0           1           2
           2           1           1           1           0           1           2
           2           1           1           1           0           1           2
           2           1           1           1           0           1           2
           2           1           1           1           0           1           2
           2           1           1           1           0           1           2
           2           1           1           1           0           1           2
           2           1           1           1           0           1           2
           2           1           1           1           0           1           2
           2           1           1           1           0           1           2
           2           1           1           1           0           1           2
           2           1           1           1           0           1           2
           2           1           1           1           0           1           2
           2           1           1           1           0           1           2
           2           1           1           1           0           1           2
           2           1           1           1           0           1           2
           2           1           1           1           0           1           2
           2           1           1           1           0           1           2
           2           1           1           1           0           1           2
           2           1           1           1           0           1           2
           2           1           1           1           0           1           2
           2           1           1           1           0           1           2
           2           1           1           1           0           1           2
           2           1           1           1           0           1           2
           2           1           1           1           0           1           2
           2           1           1           1           0           1           2
           2           1           1           1           0           1           2
           2           1           1           1           0           1           2
           2           1           1           1           0           1           2
           2           1           1           1           0           2           2
           2           1           1           1           0           2           2
           2           1           1           1           0           2           2
           2           1           1           1           0           2           2
           2           1           1           1           0           2           2
           2           1           1           1           0           2           2
           2           1           1           1           0           2           2
           2           1           1           1           0           2           2
           2           1           1           1           0           2           2
           2           1           1           1           0           2           2
           2           1           1           1           0           2           2
           2           1           1           1           0           2           2
           2           1           1           1           0           2           2
           2           1           1           1           0           2           2
           2           1           1           1           0           2           2
           2           1           1           1           0           2           2
           2           1           1           1           0           2           2
           2           1           1           1           0           2           2
           2           1           1           1           0           2           2
           2           1           1           1           0           2           2
           2           1           1           1           0           2           2
           2           1           1           1           0           2           2
           2           1           1           1           0           2           2
           1           1           1           1           0           2           2
           0           2           2           2           0           2           2
           0           2           2           2           0           2           2
           0           2           2           2           0           2           2
           0           2           2           2           0           2           2
           0           2           2           2           0           2           2
           0           2           2           2           0           2           2
           0           2           2           2           0           2           2
           0           2           2           2           0           2           2
           0           2           2           2           0           2           2
           0           2           2           2           0           2           2
           0           2           2           2           0           2           2
           0           2           2           2           0           2           2
           0           2           2           2           0           2           2
           0           2           2           2           0           2           2
           0           2           2           2           0           2           2
           0           2           2           2           0           2           2
           0           2           2           2           0           2           2
           0           2           2           2           0           2           2
           0           2           2           2           0           2           2
           0           2           2           2           0           2           2
           0           2           2           2           0           2           2
           0           2           2           2           0           2           2
           0           2           2           2           0           2           2
           0           2           2           2           0           2           2
           0           2           2           2           0           2           2
           0           2           2           2           0           2           2
           0           2           2           2           0           2           2
           0           2           2           2           1           2           2
           0           2           2           2           1           2           2
           0           2           2           2           1           0           2
           0           2           2           2           1           0           2
           0           2           2           2           1           0           2
           0           2           2           2           1           0           2
           0           2           2           2           1           0           2
           0           2           2           2           1           0           2
           0           2           2           2           1           0           2
           0           2           2           2           1           0           2
           0           2           2           2           1           0           2
           0           2           2           2           1           0           2
           0           2           2           2           1           0           2
           0           2           2           2           1           0           2
           0           2           2           2           1           0           2
           0           2           2           2           1           0           2
           0           2           2           2           1           0           2
           0           2           2           2           1           0           2
           0           2           2           2           1           0           2
           0           2           2           2           1           0           2
           0           2           2           2           1           0           2
           0           2           2           2           1           0           2
           0           2           2           2           1           0           2
           0           2           2           2           1           0           2
           0           2           2           2           1           0           2
           0           2           2           2           1           0           2
           0           2           2           2           1           0           2
           0           2           2           2           1           0           2
           0           2           2           2           1           0           2
           0           2           2           2           1           0           2
           0           2           2           2           1           0           2
           0           2           2           2           1           0           2
           0           2           2           2           1           0           2
           0           2           2           2           1           0           2
           0           2           2           2           1           0           2
           0           2           2           2           1           0           2
           0           2           2           2           1           0           2
           0           2           2           2           1           0           2
           0           2           2           2           1           0           2
           0           2           2           2           1           0           2
           0           2           2           2           2           0           2
           0           2           2           2           2           0           2
           0           2           2           2           2           0           2
           0           2           2           2           2           0           2
           0           2           2           2           2           0           2
           0           2           2           2           2           0           2
           0           1           1           1           2           0           2
           0           0           0           0           2           0           2
           0           0           0           0           2           0           2
           0           0           0           0           2           0           0
           0           0           0           0           2           0           0
           0           0           0           0           2           0           0
           0           0           0           0           2           0           0
           0           0           0           0           2           0           0
           0           0           0           0           2           0           0
           0           0           0           0           2           0           0
           0           0           0           0           2           0           0
           0           0           0           0           2           0           0
           0           0           0           0           2           0           0
           0           0           0           0           2           0           0
           0           0           0           0           2           0           0
           0           0           0           0           2           0           0
           0           0           0           0           2           0           0
           0           0           0           0           2           0           0
           0           0           0           0           2           0           0
           0           0           0           0           2           0           0
           0           0           0           0           2           0           0
           0           0           0           0           2           0           0
           0           0           0           0           2           0           0
           0           0           0           0           2           0           0
           0           0           0           0           2           0           0
           0           0           0           0           2           0           0
           0           0           0           0           2           0           0
           0           0           0           0           2           0           0
           0           0           0           0           2           0           0
           0           0           0           0           2           0           0
           0           0           0           0           2           0           0
           0           0           0           0           2           0           0
           0           0           0           0           2           0           0
           0           0           0           0           2           0           0
           0           0           0           0           2           0           0
           0           0           0           0           2           0           0
           0           0           0           0           2           0           0
           0           0           0           0           2           0           0
           0           0           0           0           2           0           0
           0           0           0           0           2           0           0
           0           0           0           0           2           0           0
           0           0           0           0           2           0           0
           0           0           0           0           2           0           0
           0           0           0           0           2           0           0
           0           0           0           0           2           0           0
           0           0           0           0           2           0           0
           0           0           0           0           2           0           0
           0           0           0           0           2           0           0
           0           0           0           0           2           0           0
           0           0           0           0           2           0           0
           0           0           0           0           2           0           0
           0           0           0           0           2           0           0
           0           0           0           0           2           0           0
           1           0           1           0           0           0           0
           1           0           1           0           0           0           0
           1           0           1           0           0           0           0
           1           0           1           0           0           0           0
           1           0           1           0           0           0           0
           1           0           1           0           0           0           0
           1           0           1           0           0           0           0
           1           0           1           0           0           0           0
           1           0           1           0           0           0           0
           1           0           1           0           0           0           0
           1           0           1           0           0           0           0
           1           0           1           0           0           0           0
           1           0           1           0           0           0           0
           1           0           1           0           0           0           0
           1           0           1           0           0           0           0
           1           0           1           0           0           0           0
           1           0           1           0           0           0           0
           1           0           1           1           0           0           0
           1           0           1           1           0           0           0
           1           0           1           1           0           0           0
           1           0           1           1           0           0           0
           1           0           1           1           0           0           0
           1           0           1           1           0           0           0
           1           0           1           1           0           0           0
           1           0           1           1           0           0           0
           1           0           1           1           0           0           0
           1           0           1           1           0           0           0
           1           0           1           1           0           0           0
           1           0           1           1           0           0           0
           1           0           1           1           0           0           0
           1           0           1           1           0           0           0
           1           0           1           1           0           0           0
           1           0           1           1           0           0           0
           1           0           1           1           0           0           0
           1           0           1           1           0           0           0
           1           0           1           1           0           0           0
           1           0           1           1           0           0           0
           1           0           1           1           0           0           0
           1           0           1           1           0           0           0
           1           0           1           1           0           0           0
           1           0           1           1           0           0           0
           1           0           1           1           0           0           0
           1           0           1           1           0           0           0
           1           0           1           1           0           0           0
           1           0           1           1           0           0           0
           1           0           1           1           0           0           0
           1           0           1           1           0           0           0
           1           0           1           1           0           0           0
           1           0           1           1           0           0           0
           1           0           1           1           0           0           0
           1           0           1           1           0           0           0
           1           0           1           1           0           0           0
           1           0           1           1           0           0           0
           1           0           1           1           0           0           0
           1           0           1           1           0           0           0
           1           0           1           1           0           0           0
           1           0           1           1           0           0           0
           1           0           1           1           0           0           0
           1           0           1           1           0           0           0
           1           0           1           1           0           0           0
           1           0           1           1           0           0           0
           1           0           1           1           0           0           0
           1           0           1           1           0           0           0
           1           0           1           1           0           0           0
           1           0           1           1           0           0           0
           1           0           1           1           0           0           0
           1           0           1           1           0           0           0
           1           0           1           1           0           0           0
           1           0           1           1           0           0           0
           1           0           1           1           0           0           0
           1           0           1           1           0           0           0
           1           0           1           1           0           0           0
           1           0           1           1           0           0           0
           1           0           1           1           0           0           0
           1           0           1           1           0           0           0
           1           0           1           1           0           0           0
           1           0           1           1           0           0           0
           1           0           1           1           0           0           0
           1           0           1           1           0           0           0
           1           0           1           1           0           0           0
           1           0           1           1           0           0           0
           1           0           1           1           0           0           0
           1           0           1           1           0           0           0
           1           0           1           1           0           0           0
           1           0           1           1           0           0           0
           1           0           1           1           0           0           0
           1           0           1           1           0           0           0
           1           0           1           1           0           0           0
           1           0           1           1           0           0           0
           1           0           1           1           0           0           0
           1           0           1           1           0           0           0
           1           0           1           1           0           0           0
           1           0           1           1           0           0           0
           1           0           1           1           0           0           0
           1           0           1           1           0           0           0
           1           0           1           1           0           0           0
           1           0           1           1           0           0           0
           1           0           1           1           0           0           0
           1           0           1           1           0           0           0
           1           0           1           1           0           0           0
           1           0           1           1           0           0           0
           1           0           1           1           0           0           0
           1           0           1           1           0           0           0
           1           0           1           1           0           0           0
           1           0           1           1           0           0           0
           1           0           1           1           0           0           0
           1           0           1           1           0           0           0
           1           0           1           1           0           0           0
           1           0           1           1           0           0           0
           1           0           1           1           0           0           0
           1           0           1           1           0           0           0
           1           0           1           1           0           0           0
           1           0           1           1           0           0           0
           1           0           1           1           0           0           0
           1           0           1           1           0           0           0
           1           0           1           1           0           0           0
           1           0           1           1           0           0           0
           1           0           1           1           0           0           0
           1           0           1           1           0           0           0
           1           0           1           1           0           0           0
           1           0           1           1           0           0           0
           1           0           1           1           0           0           0
           1           0           1           1           0           0           0
           1           0           1           1           0           0           0
           1           0           1           1           0           0           0
           1           0           1           0           0           0           0
           1           0           1           0           0           0           0
           1           0           1           0           0           0           0
           1           0           1           0           0           0           0
           1           0           1           0           0           0           0
           1           0           1           0           0           0           0
           1           0           1           0           0           0           0
           1           0           1           0           0           0           0
           1           0           1           0           0           0           0
           1           0           1           0           0           0           0
           1           0           1           0           0           0           0
           1           0           1           0           0           0           0
           1           0           1           0           0           0           0
           1           0           1           0           0           0           0
           1           0           1           0           0           0           0
           1           0           1           0           0           0           0
           1           0           1           0           0           0           0
           1           0           1           0           0           0           0
           1           0           1           0           0           0           1
           1           0           1           0           0           0           1
           1           0           1           0           0           0           1
           1           0           1           0           0           0           1
           1           0           1           0           0           0           1
           1           0           0           0           0           0           1
           1           0           0           0           0           0           1
           1           0           0           0           0           0           1
           2           0           0           0           0           0           1
           2           0           0           0           0           0           1
           2           0           0           0           0           0           1
           2           0           0           0           0           0           1
           2           0           0           0           0           0           1
           2           0           0           0           0           0           1
           2           0           0           0           0           0           1
           2           0           0           0           0           0           1
           2           0           0           0           0           0           1
           2           0           0           0           0           0           1
           2           0           0           0           0           0           1
           2           0           0           0           0           0           1
           2           0           0           0           0           0           1
           2           0           0           0           0           0           1
           2           0           0           0           0           0           1
           2           0           0           0           0           0           1
           2           0           0           0           0           0           1
           2           1           1           1           0           0           1
           2           1           1           1           0           0           1
           2           1           1           1           0           0           1
           2           1           1           1           0           0           1
           2           1           1           1           0           0           1
           2           1           1           1           0           0           1
           2           1           1           1           0           0           2
           2           1           1           1           0           1           2
           2           1           1           1           0           1           2
           2           1           1           1           0           1           2
           2           1           1           1           0           1           2
           2           1           1           1           0           1           2
           2           1           1           1           0           1           2
           2           1           1           1           0           1           2
           2           1           1           1           0           1           2
           2           1           1           1           0           1           2
           2           1           1           1           0           1           2
           2           1           1           1           0           1           2
           2           1           1           1           0           1           2
           2           1           1           1           0           1           2
           2           1           1           1           0           1           2
           2           1           1           1           0           1           2
           2           1           1           1           0           1           2
           2           1           1           1           0           1           2
           2           1           1           1           0           1           2
           2           1           1           1           0           1           2
           2           1           1           1           0           1           2
           2           1           1           1           0           1           2
           2           1           1           1           0           1           2
           2           1           1           1           0           1           2
           2           1           1           1           0           1           2
           2           1           1           1           0           1           2
           2           1           1           1           0           1           2
           2           1           1           1           0           1           2
           2           1           1           1           0           1           2
           2           1           1           1           0           1           2
           2           1           1           1           0           1           2
           2           1           1           1           0           1           2
           2           1           1           1           0           2           2
           2           1           1           1           0           2           2
           2           1           1           1           0           2           2
           2           1           1           1           0           2           2
           2           1           1           1           0           2           2
           2           1           1           1           0           2           2
           2           1           1           1           0           2           2
           2           1           1           1           0           2           2
           2           1           1           1           0           2           2
           2           1           1           1           0           2           2
           2           1           1           1           0           2           2
           2           1           1           1           0           2           2
           2           1           1           1           0           2           2
           2           1           1           1           0           2           2
           2           1           1           1           0           2           2
           2           1           1           1           0           2           2
           2           1           1           1           0           2           2
           2           1           1           1           0           2           2
           2           1           1           1           0           2           2
           2           1           1           1           0           2           2
           2           1           1           1           0           2           2
           2           1           1           1           0           2           2
           2           2           2           2           0           2           2
           2           2           2           2           0           2           2
           2           2           2           2           0           2           2
           2           2           2           2           0           2           2
           1           2           2           2           0           2           2
           0           2           2           2           0           2           2
           0           2           2           2           0           2           2
           0           2           2           2           0           2           2
           0           2           2           2           0           2           2
           0           2           2           2           0           2           2
           0           2           2           2           0           2           2
           0           2           2           2           0           2           2
           0           2           2           2           0           2           2
           0           2           2           2           0           2           2
           0           2           2           2           0           2           2
           0           2           2           2           0           2           2
           0           2           2           2           0           2           2
           0           2           2           2           0           2           2
           0           2           2           2           0           2           2
           0           2           2           2           0           2           2
           0           2           2           2           0           2           2
           0           2           2           2           0           2           2
           0           2           2           2           0           2           2
           0           2           2           2           0           2           2
           0           2           2           2           0           2           2
           0           2           2           2           0           2           2
           0           2           2           2           0           2           2
           0           2           2           2           0           2           2
           0           2           2           2           0           2           2
           0           2           2           2           0           2           2
           0           2           2           2           0           0           2
           0           2           2           2           0           0           2
           0           2           2           2           0           0           2
           0           2           2           2           0           0           2
           0           2           2           2           0           0           2
           0           2           2           2           0           0           2
           0           2           2           2           1           0           2
           0           2           2           2           1           0           2
           0           2           2           2           1           0           2
           0           2           2           2           1           0           2
           0           2           2           2           1           0           2
           0           2           2           2           1           0           2
           0           2           2           2           1           0           2
           0           2           2           2           1           0           2
           0           2           2           2           1           0           2
           0           2           2           2           1           0           2
           0           2           2           2           1           0           2
           0           2           2           2           1           0           2
           0           2           2           2           1           0           2
           0           2           2           2           1           0           2
           0           2           2           2           1           0           2
           0           2           2           2           1           0           2
           0           2           2           2           1           0           2
           0           2           2           2           1           0           2
           0           2           2           2           1           0           2
           0           2           2           2           1           0           2
           0           2           2           2           1           0           2
           0           2           2           2           1           0           2
           0           2           2           2           1           0           2
           0           2           2           2           1           0           2
           0           2           2           2           1           0           2
           0           2           2           2           1           0           2
           0           1           1           1           1           0           2
           0           0           0           0           1           0           2
           0           0           0           0           1           0           2
           0           0           0           0           1           0           2
           0           0           0           0           1           0           2
           0           0           0           0           1           0           2
           0           0           0           0           1           0           2
           0           0           0           0           1           0           2
           0           0           0           0           1           0           2
           0           0           0           0           2           0           2
           0           0           0           0           2           0           2
           0           0           0           0           2           0           2
           0           0           0           0           2           0           2
           0           0           0           0           2           0           2
           0           0           0           0           2           0           2
           0           0           0           0           2           0           2
           0           0           0           0           2           0           2
           0           0           0           0           2           0           2
           0           0           0           0           2           0           2
           0           0           0           0           2           0           0
           0           0           0           0           2           0           0
           0           0           0           0           2           0           0
           0           0           0           0           2           0           0
           0           0           0           0           2           0           0
           0           0           0           0           2           0           0
           0           0           0           0           2           0           0
           0           0           0           0           2           0           0
           0           0           0           0           2           0           0
           0           0           0           0           2           0           0
           0           0           0           0           2           0           0
           0           0           0           0           2           0           0
           0           0           0           0           2           0           0
           0           0           0           0           2           0           0
           0           0           0           0           2           0           0
           0           0           0           0           2           0           0
           0           0           0           0           2           0           0
           0           0           0           0           2           0           0
           0           0           0           0           2           0           0
           0           0           0           0           2           0           0
           0           0           0           0           2           0           0
           0           0           0           0           2           0           0
           0           0           0           0           2           0           0
           0           0           0           0           2           0           0
           0           0           0           0           2           0           0
           0           0           0           0           2           0           0
           0           0           0           0           2           0           0
           0           0           0           0           2           0           0
           0           0           0           0           2           0           0
           0           0           0           0           2           0           0
           0           0           0           0           2           0           0
           0           0           0           0           2           0           0
           0           0           0           0           2           0           0
           0           0           0           0           2           0           0
           0           0           0           0           2           0           0
           0           0           0           0           2           0           0
           0           0           0           0           2           0           0
           0           0           0           0           2           0           0
           0           0           0           0           2           0           0
           0           0           0           0           2           0           0
           0           0           0           0           2           0           0
           0           0           0           0           2           0           0
           0           0           0           0           2           0           0
           0           0           0           0           2           0           0
           0           0           0           0           2           0           0
           0           0           0           0           2           0           0
           0           0           0           0           2           0           0
           0           0           0           0           2           0           0
           0           0           0           0           2           0           0
           0           0           0           0           2           0           0
           0           0           0           0           2           0           0
           0           0           0           1           2           0           0
           1           0           1           1           2           0           0
           1           0           1           1           2           0           0
           1           0           1           1           2           0           0
           1           0           1           1           2           0           0
           1           0           1           1           0           0           0
           1           0           1           1           0           0           0
           1           0           1           1           0           0           0
           1           0           1           1           0           0           0
           1           0           1           1           0           0           0
           1           0           1           1           0           0           0
           1           0           1           1           0           0           0
           1           0           1           1           0           0           0
           1           0           1           1           0           0           0
           1           0           1           1           0           0           0
           1           0           1           1           0           0           0
           1           0           1           1           0           0           0
           1           0           1           1           0           0           0
           1           0           1           1           0           0           0
           1           0           1           1           0           0           0
           1           0           1           1           0           0           0
           1           0           1           1           0           0           0
           1           0           1           1           0           0           0
           1           0           1           1           0           0           0
           1           0           1           1           0           0           0
           1           0           1           1           0           0           0
           1           0           1           1           0           0           0
           1           0           1           1           0           0           0
           1           0           1           1           0           0           0
           1           0           1           1           0           0           0
           1           0           1           1           0           0           0
           1           0           1           1           0           0           0
           1           0           1           1           0           0           0
           1           0           1           1           0           0           0
           1           0           1           1           0           0           0
           1           0           1           1           0           0           0
           1           0           1           1           0           0           0
           1           0           1           1           0           0           0
           1           0           1           1           0           0           0
           1           0           1           1           0           0           0
           1           0           1           1           0           0           0
           1           0           1           1           0           0           0
           1           0           1           1           0           0           0
           1           0           1           1           0           0           0
           1           0           1           1           0           0           0
           1           0           1           1           0           0           0
           1           0           1           1           0           0           0
           1           0           1           1           0           0           0
           1           0           1           1           0           0           0
           1           0           1           1           0           0           0
           1           0           1           1           0           0           0
           1           0           1           1           0           0           0
           1           0           1           1           0           0           0
           1           0           1           1           0           0           0
           1           0           1           1           0           0           0
           1           0           1           1           0           0           0
           1           0           1           1           0           0           0
           1           0           1           1           0           0           0
           1           0           1           1           0           0           0
           1           0           1           1           0           0           0
           1           0           1           1           0           0           0
           1           0           1           1           0           0           0
           1           0           1           1           0           0           0
           1           0           1           1           0           0           0
           1           0           1           1           0           0           0
           1           0           1           1           0           0           0
           1           0           1           1           0           0           0
           1           0           1           1           0           0           0
           1           0           1           1           0           0           0
           1           0           1           1           0           0           0
