 CrID_1 CrID_2 CrID_3 CrID_4 CrID_5 CrID_6 CrID_7
     0.100     0.000     0.100     0.100     0.000     0.000     0.000
     0.100     0.000     0.100     0.100     0.000     0.000     0.000
     0.100     0.000     0.100     0.100     0.000     0.000     0.000
     0.100     0.000     0.100     0.100     0.000     0.000     0.000
     0.100     0.000     0.100     0.100     0.000     0.000     0.000
     0.100     0.000     0.100     0.100     0.000     0.000     0.000
     0.100     0.000     0.100     0.100     0.000     0.000     0.000
     0.100     0.000     0.100     0.100     0.000     0.000     0.000
     0.100     0.000     0.100     0.100     0.000     0.000     0.000
     0.100     0.000     0.100     0.100     0.000     0.000     0.000
     0.100     0.000     0.100     0.100     0.000     0.000     0.000
     0.100     0.000     0.100     0.100     0.000     0.000     0.000
     0.100     0.000     0.100     0.100     0.000     0.000     0.000
     0.100     0.000     0.100     0.100     0.000     0.000     0.000
     0.100     0.000     0.100     0.100     0.000     0.000     0.000
     0.100     0.000     0.100     0.100     0.000     0.000     0.000
     0.100     0.000     0.100     0.100     0.000     0.000     0.000
     0.100     0.000     0.100     0.100     0.000     0.000     0.000
     0.100     0.000     0.100     0.100     0.000     0.000     0.000
     0.100     0.000     0.100     0.100     0.000     0.000     0.000
     0.100     0.000     0.100     0.100     0.000     0.000     0.000
     0.100     0.000     0.100     0.100     0.000     0.000     0.000
     0.100     0.000     0.100     0.100     0.000     0.000     0.000
     0.100     0.000     0.100     0.100     0.000     0.000     0.000
     0.100     0.000     0.100     0.100     0.000     0.000     0.000
     0.100     0.000     0.100     0.100     0.000     0.000     0.000
     0.100     0.000     0.100     0.100     0.000     0.000     0.000
     0.100     0.000     0.100     0.100     0.000     0.000     0.000
     0.109     0.000     0.109     0.100     0.000     0.000     0.000
     0.117     0.000     0.117     0.100     0.000     0.000     0.000
     0.126     0.000     0.126     0.100     0.000     0.000     0.000
     0.134     0.000     0.134     0.100     0.000     0.000     0.000
     0.143     0.000     0.143     0.100     0.000     0.000     0.000
     0.152     0.000     0.152     0.100     0.000     0.000     0.000
     0.160     0.000     0.160     0.100     0.000     0.000     0.000
     0.169     0.000     0.169     0.100     0.000     0.000     0.000
     0.178     0.000     0.178     0.100     0.000     0.000     0.000
     0.186     0.000     0.186     0.100     0.000     0.000     0.000
     0.195     0.000     0.195     0.100     0.000     0.000     0.000
     0.203     0.000     0.203     0.100     0.000     0.000     0.000
     0.212     0.000     0.212     0.100     0.000     0.000     0.000
     0.221     0.000     0.221     0.100     0.000     0.000     0.000
     0.229     0.000     0.229     0.100     0.000     0.000     0.000
     0.238     0.000     0.238     0.100     0.000     0.000     0.000
     0.247     0.000     0.247     0.100     0.000     0.000     0.000
     0.255     0.000     0.255     0.100     0.000     0.000     0.000
     0.264     0.000     0.264     0.100     0.000     0.000     0.000
     0.272     0.000     0.272     0.100     0.000     0.000     0.000
     0.281     0.000     0.281     0.100     0.000     0.000     0.000
     0.290     0.000     0.290     0.100     0.000     0.000     0.000
     0.298     0.000     0.298     0.100     0.000     0.000     0.000
     0.307     0.000     0.307     0.100     0.000     0.000     0.000
     0.316     0.000     0.316     0.100     0.000     0.000     0.000
     0.324     0.000     0.324     0.100     0.000     0.000     0.000
     0.333     0.000     0.333     0.100     0.000     0.000     0.000
     0.341     0.000     0.341     0.100     0.000     0.000     0.000
     0.350     0.000     0.350     0.100     0.000     0.000     0.000
     0.359     0.000     0.359     0.100     0.000     0.000     0.000
     0.367     0.000     0.367     0.100     0.000     0.000     0.000
     0.376     0.000     0.376     0.100     0.000     0.000     0.000
     0.384     0.000     0.384     0.000     0.000     0.000     0.000
     0.393     0.000     0.393     0.000     0.000     0.000     0.000
     0.402     0.000     0.402     0.000     0.000     0.000     0.000
     0.410     0.000     0.410     0.000     0.000     0.000     0.000
     0.419     0.000     0.419     0.000     0.000     0.000     0.000
     0.428     0.000     0.428     0.000     0.000     0.000     0.000
     0.436     0.000     0.436     0.000     0.000     0.000     0.000
     0.445     0.000     0.445     0.000     0.000     0.000     0.000
     0.453     0.000     0.453     0.000     0.000     0.000     0.000
     0.462     0.000     0.462     0.000     0.000     0.000     0.000
     0.471     0.000     0.471     0.000     0.000     0.000     0.000
     0.479     0.000     0.479     0.000     0.000     0.000     0.000
     0.488     0.000     0.488     0.000     0.000     0.000     0.000
     0.497     0.000     0.497     0.000     0.000     0.000     0.000
     0.505     0.000     0.505     0.000     0.000     0.000     0.000
     0.514     0.000     0.514     0.000     0.000     0.000     0.000
     0.522     0.000     0.522     0.000     0.000     0.000     0.000
     0.531     0.000     0.531     0.000     0.000     0.000     0.000
     0.540     0.000     0.540     0.000     0.000     0.000     0.000
     0.548     0.000     0.548     0.000     0.000     0.000     3.000
     0.557     0.000     0.557     0.000     0.000     0.000     3.000
     0.566     0.000     0.566     0.000     0.000     0.000     3.000
     0.574     0.000     0.574     0.000     0.000     0.000     3.000
     0.583     0.000     0.000     0.000     0.000     0.000     3.000
     0.591     0.000     0.000     0.000     0.000     0.000     3.000
     0.600     0.000     0.000     0.000     0.000     0.000     3.000
     0.600     0.000     0.000     0.000     0.000     0.000     3.000
     0.600     0.000     0.000     0.000     0.000     0.000     3.000
     0.600     0.000     0.000     0.000     0.000     0.000     3.000
     0.600     0.000     0.000     0.000     0.000     0.000     3.000
     0.600     0.000     0.000     0.000     0.000     0.000     3.000
     0.600     0.000     0.000     0.000     0.000     0.000     3.000
     0.600     0.000     0.000     0.000     0.000     0.000     3.000
     0.600     0.000     0.000     0.000     0.000     0.000     3.000
     0.600     0.000     0.000     0.000     0.000     0.000     3.000
     0.600     0.000     0.000     0.000     0.000     0.000     3.000
     0.600     0.000     0.000     0.000     0.000     0.000     3.000
     0.600     0.000     0.000     0.000     0.000     0.000     3.000
     0.600     0.000     0.000     0.000     0.000     0.000     3.000
     0.600     0.000     0.000     0.000     0.000     0.000     3.000
     0.600     0.005     0.005     0.005     0.000     0.000     3.000
     0.600     0.010     0.010     0.010     0.000     0.000     3.000
     0.600     0.015     0.015     0.015     0.000     0.000     3.000
     0.600     0.020     0.020     0.020     0.000     0.000     3.000
     0.600     0.041     0.041     0.041     0.000     0.000     3.000
     0.600     0.061     0.061     0.061     0.000     0.000     3.000
     0.600     0.082     0.082     0.082     0.000     0.000     3.000
     0.600     0.103     0.103     0.103     0.000     0.000     3.000
     0.600     0.124     0.124     0.124     0.000     0.000     3.000
     0.600     0.144     0.144     0.144     0.000     0.000     3.000
     0.600     0.165     0.165     0.165     0.000     0.150     3.000
     0.600     0.186     0.186     0.186     0.000     0.150     3.000
     0.600     0.206     0.206     0.206     0.000     0.150     3.000
     0.600     0.227     0.227     0.227     0.000     0.150     3.000
     0.600     0.248     0.248     0.248     0.000     0.150     3.000
     0.600     0.269     0.269     0.269     0.000     0.150     3.000
     0.600     0.289     0.289     0.289     0.000     0.150     3.000
     0.600     0.310     0.310     0.310     0.000     0.150     3.000
     0.600     0.331     0.331     0.331     0.000     0.150     3.000
     0.600     0.351     0.351     0.351     0.000     0.150     3.000
     0.600     0.372     0.372     0.372     0.000     0.150     3.000
     0.600     0.393     0.393     0.393     0.000     0.150     3.000
     0.600     0.414     0.414     0.414     0.000     0.166     3.000
     0.600     0.434     0.434     0.434     0.000     0.181     3.000
     0.600     0.455     0.455     0.455     0.000     0.197     3.000
     0.600     0.476     0.476     0.476     0.000     0.212     3.000
     0.600     0.496     0.496     0.496     0.000     0.228     3.000
     0.600     0.517     0.517     0.517     0.000     0.243     3.000
     0.600     0.538     0.538     0.538     0.000     0.259     3.000
     0.600     0.559     0.559     0.559     0.000     0.274     3.000
     0.600     0.579     0.579     0.579     0.000     0.290     3.000
     0.600     0.600     0.600     0.600     0.000     0.305     3.000
     0.600     0.656     0.656     0.656     0.000     0.321     3.000
     0.600     0.712     0.712     0.712     0.000     0.336     3.000
     0.600     0.767     0.767     0.767     0.000     0.352     3.000
     0.600     0.823     0.823     0.823     0.000     0.367     3.000
     0.600     0.879     0.879     0.879     0.000     0.383     3.000
     0.600     0.935     0.935     0.935     0.000     0.398     3.000
     0.600     0.991     0.991     0.991     0.000     0.414     3.000
     0.600     1.047     1.047     1.047     0.000     0.429     3.000
     0.600     1.102     1.102     1.102     0.000     0.445     3.000
     0.600     1.158     1.158     1.158     0.000     0.460     3.000
     0.600     1.214     1.214     1.214     0.000     0.476     3.000
     0.600     1.270     1.270     1.270     0.000     0.491     3.000
     0.600     1.326     1.326     1.326     0.000     0.507     3.000
     0.600     1.381     1.381     1.381     0.000     0.522     3.000
     0.600     1.437     1.437     1.437     0.000     0.538     3.000
     0.600     1.493     1.493     1.493     0.000     0.553     3.000
     0.600     1.549     1.549     1.549     0.000     0.569     3.000
     0.600     1.605     1.605     1.605     0.000     0.584     3.000
     0.600     1.660     1.660     1.660     0.000     0.600     3.000
     0.600     1.716     1.716     1.716     0.000     0.600     3.000
     0.600     1.772     1.772     1.772     0.000     0.600     3.000
     0.600     1.828     1.828     1.828     0.000     0.600     3.000
     0.600     1.884     1.884     1.884     0.000     0.600     3.000
     0.600     1.940     1.940     1.940     0.000     0.600     3.000
     0.600     1.995     1.995     1.995     0.000     0.600     3.000
     0.600     2.051     2.051     2.051     0.000     0.600     3.000
     0.600     2.107     2.107     2.107     0.000     0.600     3.000
     0.600     2.163     2.163     2.163     0.000     0.600     3.000
     0.600     2.219     2.219     2.219     0.000     0.600     3.000
     0.600     2.274     2.274     2.274     0.000     0.600     3.000
     0.600     2.330     2.330     2.330     0.000     0.600     3.000
     0.600     2.386     2.386     2.386     0.000     0.600     3.000
     0.600     2.442     2.442     2.442     0.000     0.600     3.000
     0.600     2.498     2.498     2.498     0.000     0.600     3.000
     0.600     2.553     2.553     2.553     0.000     0.600     3.000
     0.600     2.609     2.609     2.609     0.000     0.600     3.000
     0.600     2.665     2.665     2.665     0.000     0.600     3.000
     0.600     2.721     2.721     2.721     0.000     0.600     3.000
     0.600     2.777     2.777     2.777     0.000     0.600     3.000
     0.600     2.833     2.833     2.833     0.000     0.600     3.000
     0.600     2.888     2.888     2.888     0.000     0.600     3.000
     0.600     2.944     2.944     2.944     0.000     0.600     3.000
     0.000     3.000     3.000     3.000     0.000     0.600     3.000
     0.000     3.000     3.000     3.000     0.000     0.600     3.000
     0.000     3.000     3.000     3.000     0.000     0.600     3.000
     0.000     3.000     3.000     3.000     0.000     0.600     3.000
     0.000     3.000     3.000     3.000     0.000     0.600     3.000
     0.000     3.000     3.000     3.000     0.000     0.600     3.000
     0.000     3.000     3.000     3.000     0.000     0.600     3.000
     0.000     3.000     3.000     3.000     0.000     0.600     3.000
     0.000     3.000     3.000     3.000     0.000     0.600     3.000
     0.000     3.000     3.000     3.000     0.000     0.600     3.000
     0.000     3.000     3.000     3.000     0.000     0.600     3.000
     0.000     3.000     3.000     3.000     0.000     0.600     3.000
     0.000     3.000     3.000     3.000     0.000     0.600     3.000
     0.000     3.000     3.000     3.000     0.000     0.600     3.000
     0.000     3.000     3.000     3.000     0.000     0.600     3.000
     0.000     3.000     3.000     3.000     0.000     0.600     3.000
     0.000     3.000     3.000     3.000     0.000     0.600     3.000
     0.000     3.000     3.000     3.000     0.000     0.600     3.000
     0.000     3.000     3.000     3.000     0.000     0.600     3.000
     0.000     3.000     3.000     3.000     0.000     0.600     3.000
     0.000     3.000     3.000     3.000     0.000     0.600     3.000
     0.000     3.000     3.000     3.000     0.000     0.600     3.000
     0.000     3.000     3.000     3.000     0.000     0.600     3.000
     0.000     3.000     3.000     3.000     0.000     0.600     3.000
     0.000     3.000     3.000     3.000     0.000     0.600     3.000
     0.000     3.000     3.000     3.000     0.000     0.600     3.000
     0.000     3.000     3.000     3.000     0.000     0.600     3.000
     0.000     3.000     3.000     3.000     0.100     0.600     3.000
     0.000     3.000     3.000     3.000     0.100     0.600     3.000
     0.000     3.000     3.000     3.000     0.100     0.000     3.000
     0.000     3.000     3.000     3.000     0.100     0.000     3.000
     0.000     3.000     3.000     3.000     0.100     0.000     3.000
     0.000     3.000     3.000     3.000     0.100     0.000     3.000
     0.000     3.000     3.000     3.000     0.100     0.000     3.000
     0.000     3.000     3.000     3.000     0.100     0.000     3.000
     0.000     3.000     3.000     3.000     0.100     0.000     3.000
     0.000     3.000     3.000     3.000     0.100     0.000     3.000
     0.000     3.000     3.000     3.000     0.121     0.000     3.000
     0.000     3.000     3.000     3.000     0.142     0.000     3.000
     0.000     3.000     3.000     3.000     0.163     0.000     3.000
     0.000     3.000     3.000     3.000     0.184     0.000     3.000
     0.000     3.000     3.000     3.000     0.205     0.000     3.000
     0.000     3.000     3.000     3.000     0.226     0.000     3.000
     0.000     3.000     3.000     3.000     0.247     0.000     3.000
     0.000     3.000     3.000     3.000     0.268     0.000     3.000
     0.000     3.000     3.000     3.000     0.289     0.000     3.000
     0.000     3.000     3.000     3.000     0.310     0.000     3.000
     0.000     3.000     3.000     3.000     0.331     0.000     3.000
     0.000     3.000     3.000     3.000     0.352     0.000     3.000
     0.000     3.000     3.000     3.000     0.373     0.000     3.000
     0.000     3.000     3.000     3.000     0.394     0.000     3.000
     0.000     2.978     2.978     2.978     0.415     0.000     3.000
     0.000     2.957     2.957     2.957     0.435     0.000     3.000
     0.000     2.935     2.935     2.935     0.456     0.000     3.000
     0.000     2.913     2.913     2.913     0.477     0.000     3.000
     0.000     2.891     2.891     2.891     0.498     0.000     3.000
     0.000     2.870     2.870     2.870     0.519     0.000     3.000
     0.000     2.848     2.848     2.848     0.540     0.000     3.000
     0.000     2.826     2.826     2.826     0.561     0.000     3.000
     0.000     2.804     2.804     2.804     0.582     0.000     3.000
     0.000     2.783     2.783     2.783     0.603     0.000     3.000
     0.000     2.761     2.761     2.761     0.624     0.000     3.000
     0.000     2.739     2.739     2.739     0.645     0.000     3.000
     0.000     2.717     2.717     2.717     0.666     0.000     3.000
     0.000     2.696     2.696     2.696     0.687     0.000     3.000
     0.000     2.674     2.674     2.674     0.708     0.000     3.000
     0.000     2.652     2.652     2.652     0.729     0.000     3.000
     0.000     2.630     2.630     2.630     0.750     0.000     3.000
     0.000     2.609     2.609     2.609     0.750     0.000     3.000
     0.000     2.587     2.587     2.587     0.750     0.000     3.000
     0.000     2.565     2.565     2.565     0.750     0.000     3.000
     0.000     2.543     2.543     2.543     0.750     0.000     3.000
     0.000     2.522     2.522     2.522     0.750     0.000     3.000
     0.000     2.500     2.500     2.500     0.750     0.000     3.000
     0.000     0.000     0.000     0.000     0.750     0.000     3.000
     0.000     0.000     0.000     0.000     0.750     0.000     3.000
     0.000     0.000     0.000     0.000     0.750     0.000     0.000
     0.000     0.000     0.000     0.000     0.750     0.000     0.000
     0.000     0.000     0.000     0.000     0.750     0.000     0.000
     0.000     0.000     0.000     0.000     0.750     0.000     0.000
     0.000     0.000     0.000     0.000     0.750     0.000     0.000
     0.000     0.000     0.000     0.000     0.750     0.000     0.000
     0.000     0.000     0.000     0.000     0.750     0.000     0.000
     0.000     0.000     0.000     0.000     0.750     0.000     0.000
     0.000     0.000     0.000     0.000     0.750     0.000     0.000
     0.000     0.000     0.000     0.000     0.750     0.000     0.000
     0.000     0.000     0.000     0.000     0.750     0.000     0.000
     0.000     0.000     0.000     0.000     0.750     0.000     0.000
     0.000     0.000     0.000     0.000     0.750     0.000     0.000
     0.000     0.000     0.000     0.000     0.750     0.000     0.000
     0.000     0.000     0.000     0.000     0.750     0.000     0.000
     0.000     0.000     0.000     0.000     0.750     0.000     0.000
     0.000     0.000     0.000     0.000     0.750     0.000     0.000
     0.000     0.000     0.000     0.000     0.750     0.000     0.000
     0.000     0.000     0.000     0.000     0.750     0.000     0.000
     0.000     0.000     0.000     0.000     0.750     0.000     0.000
     0.000     0.000     0.000     0.000     0.750     0.000     0.000
     0.000     0.000     0.000     0.000     0.750     0.000     0.000
     0.000     0.000     0.000     0.000     0.750     0.000     0.000
     0.000     0.000     0.000     0.000     0.750     0.000     0.000
     0.000     0.000     0.000     0.000     0.750     0.000     0.000
     0.000     0.000     0.000     0.000     0.750     0.000     0.000
     0.000     0.000     0.000     0.000     0.750     0.000     0.000
     0.000     0.000     0.000     0.000     0.750     0.000     0.000
     0.000     0.000     0.000     0.000     0.750     0.000     0.000
     0.000     0.000     0.000     0.000     0.750     0.000     0.000
     0.000     0.000     0.000     0.000     0.750     0.000     0.000
     0.000     0.000     0.000     0.000     0.750     0.000     0.000
     0.000     0.000     0.000     0.000     0.750     0.000     0.000
     0.000     0.000     0.000     0.000     0.750     0.000     0.000
     0.000     0.000     0.000     0.000     0.750     0.000     0.000
     0.000     0.000     0.000     0.000     0.750     0.000     0.000
     0.000     0.000     0.000     0.000     0.750     0.000     0.000
     0.000     0.000     0.000     0.000     0.750     0.000     0.000
     0.000     0.000     0.000     0.000     0.750     0.000     0.000
     0.000     0.000     0.000     0.000     0.750     0.000     0.000
     0.000     0.000     0.000     0.000     0.750     0.000     0.000
     0.000     0.000     0.000     0.000     0.750     0.000     0.000
     0.000     0.000     0.000     0.000     0.750     0.000     0.000
     0.000     0.000     0.000     0.000     0.750     0.000     0.000
     0.000     0.000     0.000     0.000     0.750     0.000     0.000
     0.000     0.000     0.000     0.000     0.750     0.000     0.000
     0.000     0.000     0.000     0.000     0.750     0.000     0.000
     0.000     0.000     0.000     0.000     0.750     0.000     0.000
     0.000     0.000     0.000     0.000     0.750     0.000     0.000
     0.050     0.000     0.050     0.000     0.750     0.000     0.000
     0.100     0.000     0.100     0.000     0.000     0.000     0.000
     0.100     0.000     0.100     0.000     0.000     0.000     0.000
     0.100     0.000     0.100     0.000     0.000     0.000     0.000
     0.100     0.000     0.100     0.000     0.000     0.000     0.000
     0.100     0.000     0.100     0.000     0.000     0.000     0.000
     0.100     0.000     0.100     0.000     0.000     0.000     0.000
     0.100     0.000     0.100     0.000     0.000     0.000     0.000
     0.100     0.000     0.100     0.000     0.000     0.000     0.000
     0.100     0.000     0.100     0.000     0.000     0.000     0.000
     0.100     0.000     0.100     0.011     0.000     0.000     0.000
     0.100     0.000     0.100     0.022     0.000     0.000     0.000
     0.100     0.000     0.100     0.033     0.000     0.000     0.000
     0.100     0.000     0.100     0.044     0.000     0.000     0.000
     0.100     0.000     0.100     0.056     0.000     0.000     0.000
     0.100     0.000     0.100     0.067     0.000     0.000     0.000
     0.100     0.000     0.100     0.078     0.000     0.000     0.000
     0.100     0.000     0.100     0.089     0.000     0.000     0.000
     0.100     0.000     0.100     0.100     0.000     0.000     0.000
     0.100     0.000     0.100     0.100     0.000     0.000     0.000
     0.100     0.000     0.100     0.100     0.000     0.000     0.000
     0.100     0.000     0.100     0.100     0.000     0.000     0.000
     0.100     0.000     0.100     0.100     0.000     0.000     0.000
     0.100     0.000     0.100     0.100     0.000     0.000     0.000
     0.100     0.000     0.100     0.100     0.000     0.000     0.000
     0.100     0.000     0.100     0.100     0.000     0.000     0.000
     0.100     0.000     0.100     0.100     0.000     0.000     0.000
     0.100     0.000     0.100     0.100     0.000     0.000     0.000
     0.100     0.000     0.100     0.100     0.000     0.000     0.000
     0.100     0.000     0.100     0.100     0.000     0.000     0.000
     0.100     0.000     0.100     0.100     0.000     0.000     0.000
     0.100     0.000     0.100     0.100     0.000     0.000     0.000
     0.100     0.000     0.100     0.100     0.000     0.000     0.000
     0.100     0.000     0.100     0.100     0.000     0.000     0.000
     0.100     0.000     0.100     0.100     0.000     0.000     0.000
     0.100     0.000     0.100     0.100     0.000     0.000     0.000
     0.100     0.000     0.100     0.100     0.000     0.000     0.000
     0.100     0.000     0.100     0.100     0.000     0.000     0.000
     0.100     0.000     0.100     0.100     0.000     0.000     0.000
     0.100     0.000     0.100     0.100     0.000     0.000     0.000
     0.100     0.000     0.100     0.100     0.000     0.000     0.000
     0.100     0.000     0.100     0.100     0.000     0.000     0.000
     0.100     0.000     0.100     0.100     0.000     0.000     0.000
     0.100     0.000     0.100     0.100     0.000     0.000     0.000
     0.100     0.000     0.100     0.100     0.000     0.000     0.000
     0.100     0.000     0.100     0.100     0.000     0.000     0.000
     0.100     0.000     0.100     0.100     0.000     0.000     0.000
     0.100     0.000     0.100     0.100     0.000     0.000     0.000
     0.100     0.000     0.100     0.100     0.000     0.000     0.000
     0.100     0.000     0.100     0.100     0.000     0.000     0.000
     0.100     0.000     0.100     0.100     0.000     0.000     0.000
     0.100     0.000     0.100     0.100     0.000     0.000     0.000
     0.100     0.000     0.100     0.100     0.000     0.000     0.000
     0.100     0.000     0.100     0.100     0.000     0.000     0.000
     0.100     0.000     0.100     0.100     0.000     0.000     0.000
     0.100     0.000     0.100     0.100     0.000     0.000     0.000
     0.100     0.000     0.100     0.100     0.000     0.000     0.000
     0.100     0.000     0.100     0.100     0.000     0.000     0.000
     0.100     0.000     0.100     0.100     0.000     0.000     0.000
     0.100     0.000     0.100     0.100     0.000     0.000     0.000
     0.100     0.000     0.100     0.100     0.000     0.000     0.000
     0.100     0.000     0.100     0.100     0.000     0.000     0.000
     0.100     0.000     0.100     0.100     0.000     0.000     0.000
     0.100     0.000     0.100     0.100     0.000     0.000     0.000
     0.100     0.000     0.100     0.100     0.000     0.000     0.000
     0.100     0.000     0.100     0.100     0.000     0.000     0.000
     0.100     0.000     0.100     0.100     0.000     0.000     0.000
     0.100     0.000     0.100     0.100     0.000     0.000     0.000
     0.100     0.000     0.100     0.100     0.000     0.000     0.000
     0.100     0.000     0.100     0.100     0.000     0.000     0.000
     0.100     0.000     0.100     0.100     0.000     0.000     0.000
     0.100     0.000     0.100     0.100     0.000     0.000     0.000
     0.100     0.000     0.100     0.100     0.000     0.000     0.000
     0.100     0.000     0.100     0.100     0.000     0.000     0.000
     0.100     0.000     0.100     0.100     0.000     0.000     0.000
     0.100     0.000     0.100     0.100     0.000     0.000     0.000
     0.100     0.000     0.100     0.100     0.000     0.000     0.000
     0.100     0.000     0.100     0.100     0.000     0.000     0.000
     0.100     0.000     0.100     0.100     0.000     0.000     0.000
     0.100     0.000     0.100     0.100     0.000     0.000     0.000
     0.100     0.000     0.100     0.100     0.000     0.000     0.000
     0.100     0.000     0.100     0.100     0.000     0.000     0.000
     0.100     0.000     0.100     0.100     0.000     0.000     0.000
     0.100     0.000     0.100     0.100     0.000     0.000     0.000
     0.100     0.000     0.100     0.100     0.000     0.000     0.000
     0.100     0.000     0.100     0.100     0.000     0.000     0.000
     0.100     0.000     0.100     0.100     0.000     0.000     0.000
     0.100     0.000     0.100     0.100     0.000     0.000     0.000
     0.100     0.000     0.100     0.100     0.000     0.000     0.000
     0.100     0.000     0.100     0.100     0.000     0.000     0.000
     0.100     0.000     0.100     0.100     0.000     0.000     0.000
     0.100     0.000     0.100     0.100     0.000     0.000     0.000
     0.100     0.000     0.100     0.100     0.000     0.000     0.000
     0.108     0.000     0.108     0.100     0.000     0.000     0.000
     0.117     0.000     0.117     0.100     0.000     0.000     0.000
     0.125     0.000     0.125     0.100     0.000     0.000     0.000
     0.133     0.000     0.133     0.100     0.000     0.000     0.000
     0.142     0.000     0.142     0.100     0.000     0.000     0.000
     0.150     0.000     0.150     0.100     0.000     0.000     0.000
     0.158     0.000     0.158     0.100     0.000     0.000     0.000
     0.167     0.000     0.167     0.100     0.000     0.000     0.000
     0.175     0.000     0.175     0.100     0.000     0.000     0.000
     0.183     0.000     0.183     0.100     0.000     0.000     0.000
     0.192     0.000     0.192     0.100     0.000     0.000     0.000
     0.200     0.000     0.200     0.100     0.000     0.000     0.000
     0.208     0.000     0.208     0.100     0.000     0.000     0.000
     0.217     0.000     0.217     0.100     0.000     0.000     0.000
     0.225     0.000     0.225     0.100     0.000     0.000     0.000
     0.233     0.000     0.233     0.100     0.000     0.000     0.000
     0.242     0.000     0.242     0.100     0.000     0.000     0.000
     0.250     0.000     0.250     0.100     0.000     0.000     0.000
     0.258     0.000     0.258     0.100     0.000     0.000     0.000
     0.267     0.000     0.267     0.100     0.000     0.000     0.000
     0.275     0.000     0.275     0.100     0.000     0.000     0.000
     0.283     0.000     0.283     0.100     0.000     0.000     0.000
     0.292     0.000     0.292     0.100     0.000     0.000     0.000
     0.300     0.000     0.300     0.100     0.000     0.000     0.000
     0.308     0.000     0.308     0.100     0.000     0.000     0.000
     0.317     0.000     0.317     0.100     0.000     0.000     0.000
     0.325     0.000     0.325     0.100     0.000     0.000     0.000
     0.333     0.000     0.333     0.100     0.000     0.000     0.000
     0.342     0.000     0.342     0.100     0.000     0.000     0.000
     0.350     0.000     0.350     0.100     0.000     0.000     0.000
     0.358     0.000     0.358     0.100     0.000     0.000     0.000
     0.367     0.000     0.367     0.100     0.000     0.000     0.000
     0.375     0.000     0.375     0.100     0.000     0.000     0.000
     0.383     0.000     0.383     0.000     0.000     0.000     0.000
     0.392     0.000     0.392     0.000     0.000     0.000     0.000
     0.400     0.000     0.400     0.000     0.000     0.000     0.000
     0.408     0.000     0.408     0.000     0.000     0.000     0.000
     0.417     0.000     0.417     0.000     0.000     0.000     0.000
     0.425     0.000     0.425     0.000     0.000     0.000     0.000
     0.433     0.000     0.433     0.000     0.000     0.000     0.000
     0.442     0.000     0.442     0.000     0.000     0.000     0.000
     0.450     0.000     0.450     0.000     0.000     0.000     0.000
     0.458     0.000     0.458     0.000     0.000     0.000     0.000
     0.467     0.000     0.467     0.000     0.000     0.000     0.000
     0.475     0.000     0.475     0.000     0.000     0.000     0.000
     0.483     0.000     0.483     0.000     0.000     0.000     0.000
     0.492     0.000     0.492     0.000     0.000     0.000     0.000
     0.500     0.000     0.500     0.000     0.000     0.000     0.000
     0.508     0.000     0.508     0.000     0.000     0.000     0.000
     0.517     0.000     0.517     0.000     0.000     0.000     0.000
     0.525     0.000     0.525     0.000     0.000     0.000     0.000
     0.533     0.000     0.533     0.000     0.000     0.000     3.000
     0.542     0.000     0.542     0.000     0.000     0.000     3.000
     0.550     0.000     0.550     0.000     0.000     0.000     3.000
     0.558     0.000     0.558     0.000     0.000     0.000     3.000
     0.567     0.000     0.567     0.000     0.000     0.000     3.000
     0.575     0.000     0.000     0.000     0.000     0.000     3.000
     0.583     0.000     0.000     0.000     0.000     0.000     3.000
     0.592     0.000     0.000     0.000     0.000     0.000     3.000
     0.600     0.000     0.000     0.000     0.000     0.000     3.000
     0.600     0.000     0.000     0.000     0.000     0.000     3.000
     0.600     0.000     0.000     0.000     0.000     0.000     3.000
     0.600     0.000     0.000     0.000     0.000     0.000     3.000
     0.600     0.000     0.000     0.000     0.000     0.000     3.000
     0.600     0.000     0.000     0.000     0.000     0.000     3.000
     0.600     0.000     0.000     0.000     0.000     0.000     3.000
     0.600     0.000     0.000     0.000     0.000     0.000     3.000
     0.600     0.000     0.000     0.000     0.000     0.000     3.000
     0.600     0.000     0.000     0.000     0.000     0.000     3.000
     0.600     0.000     0.000     0.000     0.000     0.000     3.000
     0.600     0.000     0.000     0.000     0.000     0.000     3.000
     0.600     0.000     0.000     0.000     0.000     0.000     3.000
     0.600     0.000     0.000     0.000     0.000     0.000     3.000
     0.600     0.000     0.000     0.000     0.000     0.000     3.000
     0.600     0.000     0.000     0.000     0.000     0.000     3.000
     0.600     0.000     0.000     0.000     0.000     0.000     3.000
     0.600     0.020     0.020     0.020     0.000     0.000     3.000
     0.600     0.045     0.045     0.045     0.000     0.000     3.000
     0.600     0.070     0.070     0.070     0.000     0.000     3.000
     0.600     0.096     0.096     0.096     0.000     0.000     3.000
     0.600     0.121     0.121     0.121     0.000     0.000     3.000
     0.600     0.146     0.146     0.146     0.000     0.000     3.000
     0.600     0.171     0.171     0.171     0.000     0.000     3.000
     0.600     0.197     0.197     0.197     0.000     0.150     3.000
     0.600     0.222     0.222     0.222     0.000     0.150     3.000
     0.600     0.247     0.247     0.247     0.000     0.150     3.000
     0.600     0.272     0.272     0.272     0.000     0.150     3.000
     0.600     0.297     0.297     0.297     0.000     0.150     3.000
     0.600     0.323     0.323     0.323     0.000     0.150     3.000
     0.600     0.348     0.348     0.348     0.000     0.150     3.000
     0.600     0.373     0.373     0.373     0.000     0.150     3.000
     0.600     0.398     0.398     0.398     0.000     0.150     3.000
     0.600     0.423     0.423     0.423     0.000     0.150     3.000
     0.600     0.449     0.449     0.449     0.000     0.150     3.000
     0.600     0.474     0.474     0.474     0.000     0.150     3.000
     0.600     0.499     0.499     0.499     0.000     0.173     3.000
     0.600     0.524     0.524     0.524     0.000     0.195     3.000
     0.600     0.550     0.550     0.550     0.000     0.217     3.000
     0.600     0.575     0.575     0.575     0.000     0.240     3.000
     0.600     0.600     0.600     0.600     0.000     0.262     3.000
     0.600     0.665     0.665     0.665     0.000     0.285     3.000
     0.600     0.730     0.730     0.730     0.000     0.307     3.000
     0.600     0.795     0.795     0.795     0.000     0.330     3.000
     0.600     0.859     0.859     0.859     0.000     0.353     3.000
     0.600     0.924     0.924     0.924     0.000     0.375     3.000
     0.600     0.989     0.989     0.989     0.000     0.398     3.000
     0.600     1.054     1.054     1.054     0.000     0.420     3.000
     0.600     1.119     1.119     1.119     0.000     0.443     3.000
     0.600     1.184     1.184     1.184     0.000     0.465     3.000
     0.600     1.249     1.249     1.249     0.000     0.488     3.000
     0.600     1.314     1.314     1.314     0.000     0.510     3.000
     0.600     1.378     1.378     1.378     0.000     0.532     3.000
     0.600     1.443     1.443     1.443     0.000     0.555     3.000
     0.600     1.508     1.508     1.508     0.000     0.578     3.000
     0.600     1.573     1.573     1.573     0.000     0.600     3.000
     0.600     1.638     1.638     1.638     0.000     0.600     3.000
     0.600     1.703     1.703     1.703     0.000     0.600     3.000
     0.600     1.768     1.768     1.768     0.000     0.600     3.000
     0.600     1.832     1.832     1.832     0.000     0.600     3.000
     0.600     1.897     1.897     1.897     0.000     0.600     3.000
     0.600     1.962     1.962     1.962     0.000     0.600     3.000
     0.600     2.027     2.027     2.027     0.000     0.600     3.000
     0.600     2.092     2.092     2.092     0.000     0.600     3.000
     0.600     2.157     2.157     2.157     0.000     0.600     3.000
     0.600     2.222     2.222     2.222     0.000     0.600     3.000
     0.600     2.286     2.286     2.286     0.000     0.600     3.000
     0.600     2.351     2.351     2.351     0.000     0.600     3.000
     0.600     2.416     2.416     2.416     0.000     0.600     3.000
     0.600     2.481     2.481     2.481     0.000     0.600     3.000
     0.600     2.546     2.546     2.546     0.000     0.600     3.000
     0.600     2.611     2.611     2.611     0.000     0.600     3.000
     0.600     2.676     2.676     2.676     0.000     0.600     3.000
     0.600     2.741     2.741     2.741     0.000     0.600     3.000
     0.600     2.805     2.805     2.805     0.000     0.600     3.000
     0.600     2.870     2.870     2.870     0.000     0.600     3.000
     0.600     2.935     2.935     2.935     0.000     0.600     3.000
     0.600     3.000     3.000     3.000     0.000     0.600     3.000
     0.600     3.000     3.000     3.000     0.000     0.600     3.000
     0.600     3.000     3.000     3.000     0.000     0.600     3.000
     0.600     3.000     3.000     3.000     0.000     0.600     3.000
     0.600     3.000     3.000     3.000     0.000     0.600     3.000
     0.000     3.000     3.000     3.000     0.000     0.600     3.000
     0.000     3.000     3.000     3.000     0.000     0.600     3.000
     0.000     3.000     3.000     3.000     0.000     0.600     3.000
     0.000     3.000     3.000     3.000     0.000     0.600     3.000
     0.000     3.000     3.000     3.000     0.000     0.600     3.000
     0.000     3.000     3.000     3.000     0.000     0.600     3.000
     0.000     3.000     3.000     3.000     0.000     0.600     3.000
     0.000     3.000     3.000     3.000     0.000     0.600     3.000
     0.000     3.000     3.000     3.000     0.000     0.600     3.000
     0.000     3.000     3.000     3.000     0.000     0.600     3.000
     0.000     3.000     3.000     3.000     0.000     0.600     3.000
     0.000     3.000     3.000     3.000     0.000     0.600     3.000
     0.000     3.000     3.000     3.000     0.000     0.600     3.000
     0.000     3.000     3.000     3.000     0.000     0.600     3.000
     0.000     3.000     3.000     3.000     0.000     0.600     3.000
     0.000     3.000     3.000     3.000     0.000     0.600     3.000
     0.000     3.000     3.000     3.000     0.000     0.600     3.000
     0.000     3.000     3.000     3.000     0.000     0.600     3.000
     0.000     3.000     3.000     3.000     0.000     0.600     3.000
     0.000     3.000     3.000     3.000     0.000     0.600     3.000
     0.000     3.000     3.000     3.000     0.000     0.600     3.000
     0.000     3.000     3.000     3.000     0.000     0.600     3.000
     0.000     3.000     3.000     3.000     0.000     0.600     3.000
     0.000     3.000     3.000     3.000     0.000     0.600     3.000
     0.000     3.000     3.000     3.000     0.000     0.600     3.000
     0.000     3.000     3.000     3.000     0.000     0.000     3.000
     0.000     3.000     3.000     3.000     0.000     0.000     3.000
     0.000     3.000     3.000     3.000     0.000     0.000     3.000
     0.000     3.000     3.000     3.000     0.000     0.000     3.000
     0.000     3.000     3.000     3.000     0.000     0.000     3.000
     0.000     3.000     3.000     3.000     0.000     0.000     3.000
     0.000     3.000     3.000     3.000     0.100     0.000     3.000
     0.000     3.000     3.000     3.000     0.100     0.000     3.000
     0.000     3.000     3.000     3.000     0.100     0.000     3.000
     0.000     3.000     3.000     3.000     0.100     0.000     3.000
     0.000     3.000     3.000     3.000     0.100     0.000     3.000
     0.000     3.000     3.000     3.000     0.100     0.000     3.000
     0.000     3.000     3.000     3.000     0.100     0.000     3.000
     0.000     3.000     3.000     3.000     0.100     0.000     3.000
     0.000     2.974     2.974     2.974     0.100     0.000     3.000
     0.000     2.947     2.947     2.947     0.124     0.000     3.000
     0.000     2.921     2.921     2.921     0.148     0.000     3.000
     0.000     2.895     2.895     2.895     0.172     0.000     3.000
     0.000     2.868     2.868     2.868     0.196     0.000     3.000
     0.000     2.842     2.842     2.842     0.220     0.000     3.000
     0.000     2.816     2.816     2.816     0.244     0.000     3.000
     0.000     2.789     2.789     2.789     0.269     0.000     3.000
     0.000     2.763     2.763     2.763     0.293     0.000     3.000
     0.000     2.737     2.737     2.737     0.317     0.000     3.000
     0.000     2.711     2.711     2.711     0.341     0.000     3.000
     0.000     2.684     2.684     2.684     0.365     0.000     3.000
     0.000     2.658     2.658     2.658     0.389     0.000     3.000
     0.000     2.632     2.632     2.632     0.413     0.000     3.000
     0.000     2.605     2.605     2.605     0.437     0.000     3.000
     0.000     2.579     2.579     2.579     0.461     0.000     3.000
     0.000     2.553     2.553     2.553     0.485     0.000     3.000
     0.000     2.526     2.526     2.526     0.509     0.000     3.000
     0.000     2.500     2.500     2.500     0.533     0.000     3.000
     0.000     0.000     0.000     0.000     0.557     0.000     3.000
     0.000     0.000     0.000     0.000     0.581     0.000     3.000
     0.000     0.000     0.000     0.000     0.606     0.000     3.000
     0.000     0.000     0.000     0.000     0.630     0.000     3.000
     0.000     0.000     0.000     0.000     0.654     0.000     3.000
     0.000     0.000     0.000     0.000     0.678     0.000     3.000
     0.000     0.000     0.000     0.000     0.702     0.000     3.000
     0.000     0.000     0.000     0.000     0.726     0.000     3.000
     0.000     0.000     0.000     0.000     0.750     0.000     3.000
     0.000     0.000     0.000     0.000     0.750     0.000     3.000
     0.000     0.000     0.000     0.000     0.750     0.000     3.000
     0.000     0.000     0.000     0.000     0.750     0.000     3.000
     0.000     0.000     0.000     0.000     0.750     0.000     3.000
     0.000     0.000     0.000     0.000     0.750     0.000     3.000
     0.000     0.000     0.000     0.000     0.750     0.000     3.000
     0.000     0.000     0.000     0.000     0.750     0.000     3.000
     0.000     0.000     0.000     0.000     0.750     0.000     3.000
     0.000     0.000     0.000     0.000     0.750     0.000     3.000
     0.000     0.000     0.000     0.000     0.750     0.000     0.000
     0.000     0.000     0.000     0.000     0.750     0.000     0.000
     0.000     0.000     0.000     0.000     0.750     0.000     0.000
     0.000     0.000     0.000     0.000     0.750     0.000     0.000
     0.000     0.000     0.000     0.000     0.750     0.000     0.000
     0.000     0.000     0.000     0.000     0.750     0.000     0.000
     0.000     0.000     0.000     0.000     0.750     0.000     0.000
     0.000     0.000     0.000     0.000     0.750     0.000     0.000
     0.000     0.000     0.000     0.000     0.750     0.000     0.000
     0.000     0.000     0.000     0.000     0.750     0.000     0.000
     0.000     0.000     0.000     0.000     0.750     0.000     0.000
     0.000     0.000     0.000     0.000     0.750     0.000     0.000
     0.000     0.000     0.000     0.000     0.750     0.000     0.000
     0.000     0.000     0.000     0.000     0.750     0.000     0.000
     0.000     0.000     0.000     0.000     0.750     0.000     0.000
     0.000     0.000     0.000     0.000     0.750     0.000     0.000
     0.000     0.000     0.000     0.000     0.750     0.000     0.000
     0.000     0.000     0.000     0.000     0.750     0.000     0.000
     0.000     0.000     0.000     0.000     0.750     0.000     0.000
     0.000     0.000     0.000     0.000     0.750     0.000     0.000
     0.000     0.000     0.000     0.000     0.750     0.000     0.000
     0.000     0.000     0.000     0.000     0.750     0.000     0.000
     0.000     0.000     0.000     0.000     0.750     0.000     0.000
     0.000     0.000     0.000     0.000     0.750     0.000     0.000
     0.000     0.000     0.000     0.000     0.750     0.000     0.000
     0.000     0.000     0.000     0.000     0.750     0.000     0.000
     0.000     0.000     0.000     0.000     0.750     0.000     0.000
     0.000     0.000     0.000     0.000     0.750     0.000     0.000
     0.000     0.000     0.000     0.000     0.750     0.000     0.000
     0.000     0.000     0.000     0.000     0.750     0.000     0.000
     0.000     0.000     0.000     0.000     0.750     0.000     0.000
     0.000     0.000     0.000     0.000     0.750     0.000     0.000
     0.000     0.000     0.000     0.000     0.750     0.000     0.000
     0.000     0.000     0.000     0.000     0.750     0.000     0.000
     0.000     0.000     0.000     0.000     0.750     0.000     0.000
     0.000     0.000     0.000     0.000     0.750     0.000     0.000
     0.000     0.000     0.000     0.000     0.750     0.000     0.000
     0.000     0.000     0.000     0.000     0.750     0.000     0.000
     0.000     0.000     0.000     0.000     0.750     0.000     0.000
     0.000     0.000     0.000     0.000     0.750     0.000     0.000
     0.000     0.000     0.000     0.000     0.750     0.000     0.000
     0.000     0.000     0.000     0.000     0.750     0.000     0.000
     0.000     0.000     0.000     0.000     0.750     0.000     0.000
     0.000     0.000     0.000     0.000     0.750     0.000     0.000
     0.000     0.000     0.000     0.000     0.750     0.000     0.000
     0.000     0.000     0.000     0.000     0.750     0.000     0.000
     0.000     0.000     0.000     0.000     0.750     0.000     0.000
     0.000     0.000     0.000     0.000     0.750     0.000     0.000
     0.000     0.000     0.000     0.000     0.750     0.000     0.000
     0.000     0.000     0.000     0.000     0.750     0.000     0.000
     0.000     0.000     0.000     0.050     0.750     0.000     0.000
     0.050     0.000     0.050     0.100     0.750     0.000     0.000
     0.100     0.000     0.100     0.100     0.750     0.000     0.000
     0.100     0.000     0.100     0.100     0.750     0.000     0.000
     0.100     0.000     0.100     0.100     0.750     0.000     0.000
     0.100     0.000     0.100     0.100     0.750     0.000     0.000
     0.100     0.000     0.100     0.100     0.000     0.000     0.000
     0.100     0.000     0.100     0.100     0.000     0.000     0.000
     0.100     0.000     0.100     0.100     0.000     0.000     0.000
     0.100     0.000     0.100     0.100     0.000     0.000     0.000
     0.100     0.000     0.100     0.100     0.000     0.000     0.000
     0.100     0.000     0.100     0.100     0.000     0.000     0.000
     0.100     0.000     0.100     0.100     0.000     0.000     0.000
     0.100     0.000     0.100     0.100     0.000     0.000     0.000
     0.100     0.000     0.100     0.100     0.000     0.000     0.000
     0.100     0.000     0.100     0.100     0.000     0.000     0.000
     0.100     0.000     0.100     0.100     0.000     0.000     0.000
     0.100     0.000     0.100     0.100     0.000     0.000     0.000
     0.100     0.000     0.100     0.100     0.000     0.000     0.000
     0.100     0.000     0.100     0.100     0.000     0.000     0.000
     0.100     0.000     0.100     0.100     0.000     0.000     0.000
     0.100     0.000     0.100     0.100     0.000     0.000     0.000
     0.104     0.000     0.104     0.100     0.000     0.000     0.000
     0.108     0.000     0.108     0.100     0.000     0.000     0.000
     0.112     0.000     0.112     0.100     0.000     0.000     0.000
     0.116     0.000     0.116     0.100     0.000     0.000     0.000
     0.119     0.000     0.119     0.100     0.000     0.000     0.000
     0.123     0.000     0.123     0.100     0.000     0.000     0.000
     0.127     0.000     0.127     0.103     0.000     0.000     0.000
     0.131     0.000     0.131     0.107     0.000     0.000     0.000
     0.135     0.000     0.135     0.110     0.000     0.000     0.000
     0.139     0.000     0.139     0.113     0.000     0.000     0.000
     0.143     0.000     0.143     0.117     0.000     0.000     0.000
     0.147     0.000     0.147     0.120     0.000     0.000     0.000
     0.150     0.000     0.150     0.124     0.000     0.000     0.000
     0.154     0.000     0.154     0.127     0.000     0.000     0.000
     0.158     0.000     0.158     0.130     0.000     0.000     0.000
     0.162     0.000     0.162     0.134     0.000     0.000     0.000
     0.166     0.000     0.166     0.137     0.000     0.000     0.000
     0.170     0.000     0.170     0.140     0.000     0.000     0.000
     0.174     0.000     0.174     0.144     0.000     0.000     0.000
     0.178     0.000     0.178     0.147     0.000     0.000     0.000
     0.181     0.000     0.181     0.151     0.000     0.000     0.000
     0.185     0.000     0.185     0.154     0.000     0.000     0.000
     0.189     0.000     0.189     0.157     0.000     0.000     0.000
     0.193     0.000     0.193     0.161     0.000     0.000     0.000
     0.197     0.000     0.197     0.164     0.000     0.000     0.000
     0.201     0.000     0.201     0.167     0.000     0.000     0.000
     0.205     0.000     0.205     0.171     0.000     0.000     0.000
     0.209     0.000     0.209     0.174     0.000     0.000     0.000
     0.212     0.000     0.212     0.178     0.000     0.000     0.000
     0.216     0.000     0.216     0.181     0.000     0.000     0.000
     0.220     0.000     0.220     0.184     0.000     0.000     0.000
     0.224     0.000     0.224     0.188     0.000     0.000     0.000
     0.228     0.000     0.228     0.191     0.000     0.000     0.000
     0.232     0.000     0.232     0.194     0.000     0.000     0.000
     0.236     0.000     0.236     0.198     0.000     0.000     0.000
     0.240     0.000     0.240     0.201     0.000     0.000     0.000
     0.243     0.000     0.243     0.204     0.000     0.000     0.000
     0.247     0.000     0.247     0.208     0.000     0.000     0.000
     0.251     0.000     0.251     0.211     0.000     0.000     0.000
     0.255     0.000     0.255     0.215     0.000     0.000     0.000
     0.259     0.000     0.259     0.218     0.000     0.000     0.000
     0.263     0.000     0.263     0.221     0.000     0.000     0.000
     0.267     0.000     0.267     0.225     0.000     0.000     0.000
     0.271     0.000     0.271     0.228     0.000     0.000     0.000
     0.274     0.000     0.274     0.231     0.000     0.000     0.000
     0.278     0.000     0.278     0.235     0.000     0.000     0.000
     0.282     0.000     0.282     0.238     0.000     0.000     0.000
     0.286     0.000     0.286     0.242     0.000     0.000     0.000
     0.290     0.000     0.290     0.245     0.000     0.000     0.000
