 CrID_1 CrID_2 CrID_3 CrID_4 CrID_5 CrID_6 CrID_7
     0.150     0.000     0.150     0.150     0.000     0.000     0.000
     0.150     0.000     0.150     0.150     0.000     0.000     0.000
     0.150     0.000     0.150     0.150     0.000     0.000     0.000
     0.150     0.000     0.150     0.150     0.000     0.000     0.000
     0.150     0.000     0.150     0.150     0.000     0.000     0.000
     0.150     0.000     0.150     0.150     0.000     0.000     0.000
     0.150     0.000     0.150     0.150     0.000     0.000     0.000
     0.150     0.000     0.150     0.150     0.000     0.000     0.000
     0.150     0.000     0.150     0.150     0.000     0.000     0.000
     0.150     0.000     0.150     0.150     0.000     0.000     0.000
     0.150     0.000     0.150     0.150     0.000     0.000     0.000
     0.150     0.000     0.150     0.150     0.000     0.000     0.000
     0.150     0.000     0.150     0.150     0.000     0.000     0.000
     0.150     0.000     0.150     0.150     0.000     0.000     0.000
     0.150     0.000     0.150     0.150     0.000     0.000     0.000
     0.150     0.000     0.150     0.150     0.000     0.000     0.000
     0.150     0.000     0.150     0.150     0.000     0.000     0.000
     0.150     0.000     0.150     0.150     0.000     0.000     0.000
     0.150     0.000     0.150     0.150     0.000     0.000     0.000
     0.150     0.000     0.150     0.150     0.000     0.000     0.000
     0.150     0.000     0.150     0.150     0.000     0.000     0.000
     0.150     0.000     0.150     0.150     0.000     0.000     0.000
     0.150     0.000     0.150     0.150     0.000     0.000     0.000
     0.150     0.000     0.150     0.150     0.000     0.000     0.000
     0.150     0.000     0.150     0.150     0.000     0.000     0.000
     0.150     0.000     0.150     0.150     0.000     0.000     0.000
     0.150     0.000     0.150     0.150     0.000     0.000     0.000
     0.150     0.000     0.150     0.150     0.000     0.000     0.000
     0.166     0.000     0.166     0.150     0.000     0.000     0.000
     0.183     0.000     0.183     0.150     0.000     0.000     0.000
     0.199     0.000     0.199     0.150     0.000     0.000     0.000
     0.215     0.000     0.215     0.150     0.000     0.000     0.000
     0.232     0.000     0.232     0.150     0.000     0.000     0.000
     0.248     0.000     0.248     0.150     0.000     0.000     0.000
     0.264     0.000     0.264     0.150     0.000     0.000     0.000
     0.280     0.000     0.280     0.150     0.000     0.000     0.000
     0.297     0.000     0.297     0.150     0.000     0.000     0.000
     0.313     0.000     0.313     0.150     0.000     0.000     0.000
     0.329     0.000     0.329     0.150     0.000     0.000     0.000
     0.346     0.000     0.346     0.150     0.000     0.000     0.000
     0.362     0.000     0.362     0.150     0.000     0.000     0.000
     0.378     0.000     0.378     0.150     0.000     0.000     0.000
     0.395     0.000     0.395     0.150     0.000     0.000     0.000
     0.411     0.000     0.411     0.150     0.000     0.000     0.000
     0.427     0.000     0.427     0.150     0.000     0.000     0.000
     0.444     0.000     0.444     0.150     0.000     0.000     0.000
     0.460     0.000     0.460     0.150     0.000     0.000     0.000
     0.476     0.000     0.476     0.150     0.000     0.000     0.000
     0.492     0.000     0.492     0.150     0.000     0.000     0.000
     0.509     0.000     0.509     0.150     0.000     0.000     0.000
     0.525     0.000     0.525     0.150     0.000     0.000     0.000
     0.541     0.000     0.541     0.150     0.000     0.000     0.000
     0.558     0.000     0.558     0.150     0.000     0.000     0.000
     0.574     0.000     0.574     0.150     0.000     0.000     0.000
     0.590     0.000     0.590     0.150     0.000     0.000     0.000
     0.607     0.000     0.607     0.150     0.000     0.000     0.000
     0.623     0.000     0.623     0.150     0.000     0.000     0.000
     0.639     0.000     0.639     0.150     0.000     0.000     0.000
     0.656     0.000     0.656     0.150     0.000     0.000     0.000
     0.672     0.000     0.672     0.150     0.000     0.000     0.000
     0.688     0.000     0.688     0.000     0.000     0.000     0.000
     0.704     0.000     0.704     0.000     0.000     0.000     0.000
     0.721     0.000     0.721     0.000     0.000     0.000     0.000
     0.737     0.000     0.737     0.000     0.000     0.000     0.000
     0.753     0.000     0.753     0.000     0.000     0.000     0.000
     0.770     0.000     0.770     0.000     0.000     0.000     0.000
     0.786     0.000     0.786     0.000     0.000     0.000     0.000
     0.802     0.000     0.802     0.000     0.000     0.000     0.000
     0.819     0.000     0.819     0.000     0.000     0.000     0.000
     0.835     0.000     0.835     0.000     0.000     0.000     0.000
     0.851     0.000     0.851     0.000     0.000     0.000     0.000
     0.868     0.000     0.868     0.000     0.000     0.000     0.000
     0.884     0.000     0.884     0.000     0.000     0.000     0.000
     0.900     0.000     0.900     0.000     0.000     0.000     0.000
     0.917     0.000     0.917     0.000     0.000     0.000     0.000
     0.933     0.000     0.933     0.000     0.000     0.000     0.000
     0.949     0.000     0.949     0.000     0.000     0.000     0.000
     0.965     0.000     0.965     0.000     0.000     0.000     0.000
     0.982     0.000     0.982     0.000     0.000     0.000     0.000
     0.998     0.000     0.998     0.000     0.000     0.000     0.150
     1.014     0.000     1.014     0.000     0.000     0.000     0.350
     1.031     0.000     1.031     0.000     0.000     0.000     0.355
     1.047     0.000     1.047     0.000     0.000     0.000     0.361
     1.063     0.000     0.000     0.000     0.000     0.000     0.366
     1.080     0.000     0.000     0.000     0.000     0.000     0.371
     1.096     0.000     0.000     0.000     0.000     0.000     0.377
     1.096     0.000     0.000     0.000     0.000     0.000     0.382
     1.096     0.000     0.000     0.000     0.000     0.000     0.388
     1.096     0.000     0.000     0.000     0.000     0.000     0.393
     1.096     0.000     0.000     0.000     0.000     0.000     0.398
     1.096     0.000     0.000     0.000     0.000     0.000     0.404
     1.096     0.000     0.000     0.000     0.000     0.000     0.409
     1.096     0.000     0.000     0.000     0.000     0.000     0.414
     1.096     0.000     0.000     0.000     0.000     0.000     0.420
     1.096     0.000     0.000     0.000     0.000     0.000     0.425
     1.096     0.000     0.000     0.000     0.000     0.000     0.430
     1.096     0.000     0.000     0.000     0.000     0.000     0.436
     1.096     0.000     0.000     0.000     0.000     0.000     0.441
     1.096     0.000     0.000     0.000     0.000     0.000     0.446
     1.096     0.000     0.000     0.000     0.000     0.000     0.452
     1.096     0.037     0.037     0.037     0.000     0.000     0.457
     1.096     0.075     0.075     0.075     0.000     0.000     0.463
     1.096     0.112     0.112     0.112     0.000     0.000     0.468
     1.096     0.150     0.150     0.150     0.000     0.000     0.473
     1.096     0.150     0.150     0.150     0.000     0.000     0.479
     1.096     0.150     0.150     0.150     0.000     0.000     0.484
     1.096     0.150     0.150     0.150     0.000     0.000     0.489
     1.096     0.150     0.150     0.150     0.000     0.000     0.495
     1.096     0.150     0.150     0.150     0.000     0.000     0.500
     1.096     0.150     0.150     0.150     0.000     0.000     0.505
     1.096     0.150     0.150     0.150     0.000     0.150     0.511
     1.096     0.150     0.150     0.150     0.000     0.164     0.516
     1.096     0.150     0.150     0.150     0.000     0.177     0.522
     1.096     0.150     0.150     0.150     0.000     0.191     0.531
     1.096     0.150     0.150     0.150     0.000     0.205     0.540
     1.096     0.150     0.150     0.150     0.000     0.218     0.549
     1.096     0.150     0.150     0.150     0.000     0.232     0.558
     1.096     0.150     0.150     0.150     0.000     0.245     0.567
     1.096     0.150     0.150     0.150     0.000     0.259     0.577
     1.096     0.150     0.150     0.150     0.000     0.273     0.586
     1.096     0.150     0.150     0.150     0.000     0.286     0.595
     1.096     0.150     0.150     0.150     0.000     0.300     0.604
     1.096     0.150     0.150     0.150     0.000     0.328     0.613
     1.096     0.150     0.150     0.150     0.000     0.355     0.622
     1.096     0.150     0.150     0.150     0.000     0.383     0.631
     1.096     0.150     0.150     0.150     0.000     0.410     0.641
     1.096     0.150     0.150     0.150     0.000     0.438     0.650
     1.096     0.150     0.150     0.150     0.000     0.466     0.659
     1.096     0.150     0.150     0.150     0.000     0.493     0.668
     1.096     0.150     0.150     0.150     0.000     0.521     0.677
     1.096     0.150     0.150     0.150     0.000     0.549     0.686
     1.096     0.150     0.150     0.150     0.000     0.576     0.696
     1.096     0.171     0.171     0.171     0.000     0.604     0.705
     1.096     0.192     0.192     0.192     0.000     0.631     0.714
     1.096     0.213     0.213     0.213     0.000     0.659     0.723
     1.096     0.233     0.233     0.233     0.000     0.687     0.732
     1.096     0.254     0.254     0.254     0.000     0.714     0.741
     1.096     0.275     0.275     0.275     0.000     0.742     0.751
     1.096     0.296     0.296     0.296     0.000     0.769     0.760
     1.096     0.317     0.317     0.317     0.000     0.797     0.769
     1.096     0.338     0.338     0.338     0.000     0.825     0.778
     1.096     0.359     0.359     0.359     0.000     0.852     0.787
     1.096     0.379     0.379     0.379     0.000     0.880     0.796
     1.096     0.400     0.400     0.400     0.000     0.908     0.806
     1.096     0.421     0.421     0.421     0.000     0.935     0.815
     1.096     0.442     0.442     0.442     0.000     0.963     0.824
     1.096     0.463     0.463     0.463     0.000     0.990     0.833
     1.096     0.484     0.484     0.484     0.000     1.018     0.842
     1.096     0.505     0.505     0.505     0.000     1.046     0.851
     1.058     0.525     0.525     0.525     0.000     1.073     0.861
     1.020     0.546     0.546     0.546     0.000     1.101     0.870
     0.982     0.567     0.567     0.567     0.000     1.101     0.879
     0.945     0.588     0.588     0.588     0.000     1.101     0.895
     0.907     0.609     0.609     0.609     0.000     1.101     0.910
     0.869     0.630     0.630     0.630     0.000     1.101     0.926
     0.831     0.651     0.651     0.651     0.000     1.101     0.942
     0.793     0.671     0.671     0.671     0.000     1.101     0.958
     0.755     0.692     0.692     0.692     0.000     1.101     0.974
     0.718     0.713     0.713     0.713     0.000     1.101     0.989
     0.680     0.734     0.734     0.734     0.000     1.101     1.005
     0.642     0.755     0.755     0.755     0.000     1.101     1.021
     0.604     0.776     0.776     0.776     0.000     1.101     1.037
     0.566     0.797     0.797     0.797     0.000     1.101     1.053
     0.528     0.817     0.817     0.817     0.000     1.101     1.068
     0.491     0.838     0.838     0.838     0.000     1.101     1.084
     0.453     0.859     0.859     0.859     0.000     1.101     1.100
     0.415     0.880     0.880     0.880     0.000     1.101     1.097
     0.377     0.901     0.901     0.901     0.000     1.101     1.095
     0.339     0.922     0.922     0.922     0.000     1.101     1.092
     0.301     0.943     0.943     0.943     0.000     1.101     1.090
     0.264     0.963     0.963     0.963     0.000     1.101     1.087
     0.226     0.984     0.984     0.984     0.000     1.101     1.084
     0.188     1.005     1.005     1.005     0.000     1.101     1.082
     0.150     1.026     1.026     1.026     0.000     1.101     1.079
     0.000     1.047     1.047     1.047     0.000     1.101     1.077
     0.000     1.047     1.047     1.047     0.000     1.101     1.074
     0.000     1.047     1.047     1.047     0.000     1.101     1.072
     0.000     1.047     1.047     1.047     0.000     1.101     1.069
     0.000     1.047     1.047     1.047     0.000     1.101     1.066
     0.000     1.047     1.047     1.047     0.000     1.101     1.064
     0.000     1.047     1.047     1.047     0.000     1.101     1.061
     0.000     1.047     1.047     1.047     0.000     1.101     1.059
     0.000     1.047     1.047     1.047     0.000     1.101     1.056
     0.000     1.047     1.047     1.047     0.000     1.101     1.053
     0.000     1.047     1.047     1.047     0.000     1.101     1.051
     0.000     1.047     1.047     1.047     0.000     1.101     1.048
     0.000     1.047     1.047     1.047     0.000     1.101     1.046
     0.000     1.047     1.047     1.047     0.000     1.101     1.043
     0.000     1.047     1.047     1.047     0.000     1.074     1.041
     0.000     1.047     1.047     1.047     0.000     1.048     1.038
     0.000     1.047     1.047     1.047     0.000     1.021     1.035
     0.000     1.047     1.047     1.047     0.000     0.994     1.033
     0.000     1.047     1.047     1.047     0.000     0.968     1.030
     0.000     1.047     1.047     1.047     0.000     0.941     1.028
     0.000     1.047     1.047     1.047     0.000     0.914     1.025
     0.000     1.047     1.047     1.047     0.000     0.888     1.022
     0.000     1.047     1.047     1.047     0.000     0.861     1.020
     0.000     1.047     1.047     1.047     0.000     0.834     1.017
     0.000     1.047     1.047     1.047     0.000     0.808     1.015
     0.000     1.047     1.047     1.047     0.000     0.781     1.012
     0.000     1.047     1.047     1.047     0.000     0.754     1.010
     0.000     1.047     1.047     1.047     0.150     0.728     1.007
     0.000     1.047     1.047     1.047     0.150     0.701     1.004
     0.000     1.047     1.047     1.047     0.150     0.000     1.002
     0.000     1.047     1.047     1.047     0.150     0.000     0.999
     0.000     1.047     1.047     1.047     0.150     0.000     0.997
     0.000     1.047     1.047     1.047     0.150     0.000     0.994
     0.000     1.047     1.047     1.047     0.150     0.000     0.991
     0.000     1.047     1.047     1.047     0.150     0.000     0.989
     0.000     1.047     1.047     1.047     0.150     0.000     0.986
     0.000     1.047     1.047     1.047     0.150     0.000     0.984
     0.000     1.047     1.047     1.047     0.180     0.000     0.981
     0.000     1.047     1.047     1.047     0.210     0.000     0.978
     0.000     1.047     1.047     1.047     0.240     0.000     0.976
     0.000     1.047     1.047     1.047     0.270     0.000     0.973
     0.000     1.047     1.047     1.047     0.301     0.000     0.971
     0.000     1.047     1.047     1.047     0.331     0.000     0.968
     0.000     1.047     1.047     1.047     0.361     0.000     0.966
     0.000     1.047     1.047     1.047     0.391     0.000     0.963
     0.000     1.047     1.047     1.047     0.421     0.000     0.960
     0.000     1.047     1.047     1.047     0.451     0.000     0.958
     0.000     1.047     1.047     1.047     0.481     0.000     0.955
     0.000     1.047     1.047     1.047     0.511     0.000     0.953
     0.000     1.047     1.047     1.047     0.541     0.000     0.950
     0.000     1.047     1.047     1.047     0.572     0.000     0.947
     0.000     1.008     1.008     1.008     0.602     0.000     0.945
     0.000     0.969     0.969     0.969     0.632     0.000     0.942
     0.000     0.930     0.930     0.930     0.662     0.000     0.940
     0.000     0.891     0.891     0.891     0.692     0.000     0.937
     0.000     0.852     0.852     0.852     0.722     0.000     0.935
     0.000     0.813     0.813     0.813     0.752     0.000     0.932
     0.000     0.774     0.774     0.774     0.782     0.000     0.929
     0.000     0.735     0.735     0.735     0.813     0.000     0.927
     0.000     0.696     0.696     0.696     0.843     0.000     0.924
     0.000     0.657     0.657     0.657     0.873     0.000     0.922
     0.000     0.618     0.618     0.618     0.903     0.000     0.919
     0.000     0.579     0.579     0.579     0.933     0.000     0.916
     0.000     0.540     0.540     0.540     0.963     0.000     0.914
     0.000     0.501     0.501     0.501     0.993     0.000     0.911
     0.000     0.462     0.462     0.462     1.023     0.000     0.909
     0.000     0.423     0.423     0.423     1.053     0.000     0.906
     0.000     0.384     0.384     0.384     1.084     0.000     0.904
     0.000     0.345     0.345     0.345     1.084     0.000     0.901
     0.000     0.306     0.306     0.306     1.084     0.000     0.898
     0.000     0.267     0.267     0.267     1.084     0.000     0.896
     0.000     0.228     0.228     0.228     1.084     0.000     0.893
     0.000     0.189     0.189     0.189     1.084     0.000     0.891
     0.000     0.150     0.150     0.150     1.084     0.000     0.888
     0.000     0.000     0.000     0.000     1.084     0.000     0.885
     0.000     0.000     0.000     0.000     1.084     0.000     0.883
     0.000     0.000     0.000     0.000     1.084     0.000     0.000
     0.000     0.000     0.000     0.000     1.084     0.000     0.000
     0.000     0.000     0.000     0.000     1.084     0.000     0.000
     0.000     0.000     0.000     0.000     1.084     0.000     0.000
     0.000     0.000     0.000     0.000     1.084     0.000     0.000
     0.000     0.000     0.000     0.000     1.084     0.000     0.000
     0.000     0.000     0.000     0.000     1.084     0.000     0.000
     0.000     0.000     0.000     0.000     1.084     0.000     0.000
     0.000     0.000     0.000     0.000     1.084     0.000     0.000
     0.000     0.000     0.000     0.000     1.084     0.000     0.000
     0.000     0.000     0.000     0.000     1.084     0.000     0.000
     0.000     0.000     0.000     0.000     1.084     0.000     0.000
     0.000     0.000     0.000     0.000     1.084     0.000     0.000
     0.000     0.000     0.000     0.000     1.084     0.000     0.000
     0.000     0.000     0.000     0.000     1.084     0.000     0.000
     0.000     0.000     0.000     0.000     1.084     0.000     0.000
     0.000     0.000     0.000     0.000     1.084     0.000     0.000
     0.000     0.000     0.000     0.000     1.084     0.000     0.000
     0.000     0.000     0.000     0.000     1.084     0.000     0.000
     0.000     0.000     0.000     0.000     1.084     0.000     0.000
     0.000     0.000     0.000     0.000     1.084     0.000     0.000
     0.000     0.000     0.000     0.000     1.084     0.000     0.000
     0.000     0.000     0.000     0.000     1.084     0.000     0.000
     0.000     0.000     0.000     0.000     1.084     0.000     0.000
     0.000     0.000     0.000     0.000     1.084     0.000     0.000
     0.000     0.000     0.000     0.000     1.084     0.000     0.000
     0.000     0.000     0.000     0.000     1.084     0.000     0.000
     0.000     0.000     0.000     0.000     1.084     0.000     0.000
     0.000     0.000     0.000     0.000     1.084     0.000     0.000
     0.000     0.000     0.000     0.000     1.084     0.000     0.000
     0.000     0.000     0.000     0.000     1.084     0.000     0.000
     0.000     0.000     0.000     0.000     1.084     0.000     0.000
     0.000     0.000     0.000     0.000     1.084     0.000     0.000
     0.000     0.000     0.000     0.000     1.084     0.000     0.000
     0.000     0.000     0.000     0.000     1.084     0.000     0.000
     0.000     0.000     0.000     0.000     1.084     0.000     0.000
     0.000     0.000     0.000     0.000     1.084     0.000     0.000
     0.000     0.000     0.000     0.000     1.084     0.000     0.000
     0.000     0.000     0.000     0.000     1.084     0.000     0.000
     0.000     0.000     0.000     0.000     1.084     0.000     0.000
     0.000     0.000     0.000     0.000     1.084     0.000     0.000
     0.000     0.000     0.000     0.000     1.084     0.000     0.000
     0.000     0.000     0.000     0.000     1.084     0.000     0.000
     0.000     0.000     0.000     0.000     1.084     0.000     0.000
     0.000     0.000     0.000     0.000     1.084     0.000     0.000
     0.000     0.000     0.000     0.000     1.084     0.000     0.000
     0.000     0.000     0.000     0.000     1.084     0.000     0.000
     0.000     0.000     0.000     0.000     1.084     0.000     0.000
     0.000     0.000     0.000     0.000     1.084     0.000     0.000
     0.075     0.000     0.075     0.000     1.084     0.000     0.000
     0.150     0.000     0.150     0.000     0.000     0.000     0.000
     0.150     0.000     0.150     0.000     0.000     0.000     0.000
     0.150     0.000     0.150     0.000     0.000     0.000     0.000
     0.150     0.000     0.150     0.000     0.000     0.000     0.000
     0.150     0.000     0.150     0.000     0.000     0.000     0.000
     0.150     0.000     0.150     0.000     0.000     0.000     0.000
     0.150     0.000     0.150     0.000     0.000     0.000     0.000
     0.150     0.000     0.150     0.000     0.000     0.000     0.000
     0.150     0.000     0.150     0.000     0.000     0.000     0.000
     0.150     0.000     0.150     0.017     0.000     0.000     0.000
     0.150     0.000     0.150     0.033     0.000     0.000     0.000
     0.150     0.000     0.150     0.050     0.000     0.000     0.000
     0.150     0.000     0.150     0.067     0.000     0.000     0.000
     0.150     0.000     0.150     0.083     0.000     0.000     0.000
     0.150     0.000     0.150     0.100     0.000     0.000     0.000
     0.150     0.000     0.150     0.117     0.000     0.000     0.000
     0.150     0.000     0.150     0.133     0.000     0.000     0.000
     0.150     0.000     0.150     0.150     0.000     0.000     0.000
     0.150     0.000     0.150     0.150     0.000     0.000     0.000
     0.150     0.000     0.150     0.150     0.000     0.000     0.000
     0.150     0.000     0.150     0.150     0.000     0.000     0.000
     0.150     0.000     0.150     0.150     0.000     0.000     0.000
     0.150     0.000     0.150     0.150     0.000     0.000     0.000
     0.150     0.000     0.150     0.150     0.000     0.000     0.000
     0.150     0.000     0.150     0.150     0.000     0.000     0.000
     0.150     0.000     0.150     0.150     0.000     0.000     0.000
     0.150     0.000     0.150     0.150     0.000     0.000     0.000
     0.150     0.000     0.150     0.150     0.000     0.000     0.000
     0.150     0.000     0.150     0.150     0.000     0.000     0.000
     0.150     0.000     0.150     0.150     0.000     0.000     0.000
     0.150     0.000     0.150     0.150     0.000     0.000     0.000
     0.150     0.000     0.150     0.150     0.000     0.000     0.000
     0.150     0.000     0.150     0.150     0.000     0.000     0.000
     0.150     0.000     0.150     0.150     0.000     0.000     0.000
     0.150     0.000     0.150     0.150     0.000     0.000     0.000
     0.150     0.000     0.150     0.150     0.000     0.000     0.000
     0.150     0.000     0.150     0.150     0.000     0.000     0.000
     0.150     0.000     0.150     0.150     0.000     0.000     0.000
     0.150     0.000     0.150     0.150     0.000     0.000     0.000
     0.150     0.000     0.150     0.150     0.000     0.000     0.000
     0.150     0.000     0.150     0.150     0.000     0.000     0.000
     0.150     0.000     0.150     0.150     0.000     0.000     0.000
     0.150     0.000     0.150     0.150     0.000     0.000     0.000
     0.150     0.000     0.150     0.150     0.000     0.000     0.000
     0.150     0.000     0.150     0.150     0.000     0.000     0.000
     0.150     0.000     0.150     0.150     0.000     0.000     0.000
     0.150     0.000     0.150     0.150     0.000     0.000     0.000
     0.150     0.000     0.150     0.150     0.000     0.000     0.000
     0.150     0.000     0.150     0.150     0.000     0.000     0.000
     0.150     0.000     0.150     0.150     0.000     0.000     0.000
     0.150     0.000     0.150     0.150     0.000     0.000     0.000
     0.150     0.000     0.150     0.150     0.000     0.000     0.000
     0.150     0.000     0.150     0.150     0.000     0.000     0.000
     0.150     0.000     0.150     0.150     0.000     0.000     0.000
     0.150     0.000     0.150     0.150     0.000     0.000     0.000
     0.150     0.000     0.150     0.150     0.000     0.000     0.000
     0.150     0.000     0.150     0.150     0.000     0.000     0.000
     0.150     0.000     0.150     0.150     0.000     0.000     0.000
     0.150     0.000     0.150     0.150     0.000     0.000     0.000
     0.150     0.000     0.150     0.150     0.000     0.000     0.000
     0.150     0.000     0.150     0.150     0.000     0.000     0.000
     0.150     0.000     0.150     0.150     0.000     0.000     0.000
     0.150     0.000     0.150     0.150     0.000     0.000     0.000
     0.150     0.000     0.150     0.150     0.000     0.000     0.000
     0.150     0.000     0.150     0.150     0.000     0.000     0.000
     0.150     0.000     0.150     0.150     0.000     0.000     0.000
     0.150     0.000     0.150     0.150     0.000     0.000     0.000
     0.150     0.000     0.150     0.150     0.000     0.000     0.000
     0.150     0.000     0.150     0.150     0.000     0.000     0.000
     0.150     0.000     0.150     0.150     0.000     0.000     0.000
     0.150     0.000     0.150     0.150     0.000     0.000     0.000
     0.150     0.000     0.150     0.150     0.000     0.000     0.000
     0.150     0.000     0.150     0.150     0.000     0.000     0.000
     0.150     0.000     0.150     0.150     0.000     0.000     0.000
     0.150     0.000     0.150     0.150     0.000     0.000     0.000
     0.150     0.000     0.150     0.150     0.000     0.000     0.000
     0.150     0.000     0.150     0.150     0.000     0.000     0.000
     0.150     0.000     0.150     0.150     0.000     0.000     0.000
     0.150     0.000     0.150     0.150     0.000     0.000     0.000
     0.150     0.000     0.150     0.150     0.000     0.000     0.000
     0.150     0.000     0.150     0.150     0.000     0.000     0.000
     0.150     0.000     0.150     0.150     0.000     0.000     0.000
     0.150     0.000     0.150     0.150     0.000     0.000     0.000
     0.150     0.000     0.150     0.150     0.000     0.000     0.000
     0.150     0.000     0.150     0.150     0.000     0.000     0.000
     0.150     0.000     0.150     0.150     0.000     0.000     0.000
     0.150     0.000     0.150     0.150     0.000     0.000     0.000
     0.150     0.000     0.150     0.150     0.000     0.000     0.000
     0.150     0.000     0.150     0.150     0.000     0.000     0.000
     0.150     0.000     0.150     0.150     0.000     0.000     0.000
     0.150     0.000     0.150     0.150     0.000     0.000     0.000
     0.150     0.000     0.150     0.150     0.000     0.000     0.000
     0.166     0.000     0.166     0.150     0.000     0.000     0.000
     0.182     0.000     0.182     0.150     0.000     0.000     0.000
     0.197     0.000     0.197     0.150     0.000     0.000     0.000
     0.213     0.000     0.213     0.150     0.000     0.000     0.000
     0.229     0.000     0.229     0.150     0.000     0.000     0.000
     0.245     0.000     0.245     0.150     0.000     0.000     0.000
     0.260     0.000     0.260     0.150     0.000     0.000     0.000
     0.276     0.000     0.276     0.150     0.000     0.000     0.000
     0.292     0.000     0.292     0.150     0.000     0.000     0.000
     0.308     0.000     0.308     0.150     0.000     0.000     0.000
     0.324     0.000     0.324     0.150     0.000     0.000     0.000
     0.339     0.000     0.339     0.150     0.000     0.000     0.000
     0.355     0.000     0.355     0.150     0.000     0.000     0.000
     0.371     0.000     0.371     0.150     0.000     0.000     0.000
     0.387     0.000     0.387     0.150     0.000     0.000     0.000
     0.402     0.000     0.402     0.150     0.000     0.000     0.000
     0.418     0.000     0.418     0.150     0.000     0.000     0.000
     0.434     0.000     0.434     0.150     0.000     0.000     0.000
     0.450     0.000     0.450     0.150     0.000     0.000     0.000
     0.466     0.000     0.466     0.150     0.000     0.000     0.000
     0.481     0.000     0.481     0.150     0.000     0.000     0.000
     0.497     0.000     0.497     0.150     0.000     0.000     0.000
     0.513     0.000     0.513     0.150     0.000     0.000     0.000
     0.529     0.000     0.529     0.150     0.000     0.000     0.000
     0.544     0.000     0.544     0.150     0.000     0.000     0.000
     0.560     0.000     0.560     0.150     0.000     0.000     0.000
     0.576     0.000     0.576     0.150     0.000     0.000     0.000
     0.592     0.000     0.592     0.150     0.000     0.000     0.000
     0.608     0.000     0.608     0.150     0.000     0.000     0.000
     0.623     0.000     0.623     0.150     0.000     0.000     0.000
     0.639     0.000     0.639     0.150     0.000     0.000     0.000
     0.655     0.000     0.655     0.150     0.000     0.000     0.000
     0.671     0.000     0.671     0.150     0.000     0.000     0.000
     0.686     0.000     0.686     0.000     0.000     0.000     0.000
     0.702     0.000     0.702     0.000     0.000     0.000     0.000
     0.718     0.000     0.718     0.000     0.000     0.000     0.000
     0.734     0.000     0.734     0.000     0.000     0.000     0.000
     0.750     0.000     0.750     0.000     0.000     0.000     0.000
     0.765     0.000     0.765     0.000     0.000     0.000     0.000
     0.781     0.000     0.781     0.000     0.000     0.000     0.000
     0.797     0.000     0.797     0.000     0.000     0.000     0.000
     0.813     0.000     0.813     0.000     0.000     0.000     0.000
     0.828     0.000     0.828     0.000     0.000     0.000     0.000
     0.844     0.000     0.844     0.000     0.000     0.000     0.000
     0.860     0.000     0.860     0.000     0.000     0.000     0.000
     0.876     0.000     0.876     0.000     0.000     0.000     0.000
     0.892     0.000     0.892     0.000     0.000     0.000     0.000
     0.907     0.000     0.907     0.000     0.000     0.000     0.000
     0.923     0.000     0.923     0.000     0.000     0.000     0.000
     0.939     0.000     0.939     0.000     0.000     0.000     0.000
     0.955     0.000     0.955     0.000     0.000     0.000     0.000
     0.970     0.000     0.970     0.000     0.000     0.000     0.150
     0.986     0.000     0.986     0.000     0.000     0.000     0.350
     1.002     0.000     1.002     0.000     0.000     0.000     0.356
     1.018     0.000     1.018     0.000     0.000     0.000     0.361
     1.034     0.000     1.034     0.000     0.000     0.000     0.367
     1.049     0.000     0.000     0.000     0.000     0.000     0.373
     1.065     0.000     0.000     0.000     0.000     0.000     0.379
     1.081     0.000     0.000     0.000     0.000     0.000     0.384
     1.097     0.000     0.000     0.000     0.000     0.000     0.390
     1.097     0.000     0.000     0.000     0.000     0.000     0.396
     1.097     0.000     0.000     0.000     0.000     0.000     0.401
     1.097     0.000     0.000     0.000     0.000     0.000     0.407
     1.097     0.000     0.000     0.000     0.000     0.000     0.413
     1.097     0.000     0.000     0.000     0.000     0.000     0.419
     1.097     0.000     0.000     0.000     0.000     0.000     0.424
     1.097     0.000     0.000     0.000     0.000     0.000     0.430
     1.097     0.000     0.000     0.000     0.000     0.000     0.436
     1.097     0.000     0.000     0.000     0.000     0.000     0.441
     1.097     0.000     0.000     0.000     0.000     0.000     0.447
     1.097     0.000     0.000     0.000     0.000     0.000     0.453
     1.097     0.000     0.000     0.000     0.000     0.000     0.459
     1.097     0.000     0.000     0.000     0.000     0.000     0.464
     1.097     0.000     0.000     0.000     0.000     0.000     0.470
     1.097     0.000     0.000     0.000     0.000     0.000     0.476
     1.097     0.000     0.000     0.000     0.000     0.000     0.482
     1.097     0.150     0.150     0.150     0.000     0.000     0.487
     1.097     0.150     0.150     0.150     0.000     0.000     0.493
     1.097     0.150     0.150     0.150     0.000     0.000     0.499
     1.097     0.150     0.150     0.150     0.000     0.000     0.504
     1.097     0.150     0.150     0.150     0.000     0.000     0.510
     1.097     0.150     0.150     0.150     0.000     0.000     0.516
     1.097     0.150     0.150     0.150     0.000     0.000     0.522
     1.097     0.150     0.150     0.150     0.000     0.150     0.533
     1.097     0.150     0.150     0.150     0.000     0.164     0.545
     1.097     0.150     0.150     0.150     0.000     0.177     0.556
     1.097     0.150     0.150     0.150     0.000     0.191     0.568
     1.097     0.150     0.150     0.150     0.000     0.205     0.579
     1.097     0.150     0.150     0.150     0.000     0.218     0.591
     1.097     0.150     0.150     0.150     0.000     0.232     0.602
     1.097     0.150     0.150     0.150     0.000     0.245     0.614
     1.097     0.150     0.150     0.150     0.000     0.259     0.625
     1.097     0.150     0.150     0.150     0.000     0.273     0.637
     1.097     0.150     0.150     0.150     0.000     0.286     0.648
     1.097     0.150     0.150     0.150     0.000     0.300     0.660
     1.097     0.150     0.150     0.150     0.000     0.340     0.671
     1.097     0.150     0.150     0.150     0.000     0.380     0.683
     1.097     0.150     0.150     0.150     0.000     0.420     0.694
     1.097     0.150     0.150     0.150     0.000     0.460     0.706
     1.097     0.150     0.150     0.150     0.000     0.500     0.717
     1.097     0.175     0.175     0.175     0.000     0.540     0.729
     1.097     0.199     0.199     0.199     0.000     0.580     0.741
     1.097     0.224     0.224     0.224     0.000     0.621     0.752
     1.097     0.248     0.248     0.248     0.000     0.661     0.764
     1.097     0.273     0.273     0.273     0.000     0.701     0.775
     1.097     0.298     0.298     0.298     0.000     0.741     0.787
     1.097     0.322     0.322     0.322     0.000     0.781     0.798
     1.097     0.347     0.347     0.347     0.000     0.821     0.810
     1.097     0.372     0.372     0.372     0.000     0.861     0.821
     1.097     0.396     0.396     0.396     0.000     0.901     0.833
     1.097     0.421     0.421     0.421     0.000     0.941     0.844
     1.097     0.445     0.445     0.445     0.000     0.981     0.856
     1.097     0.470     0.470     0.470     0.000     1.021     0.867
     1.097     0.495     0.495     0.495     0.000     1.061     0.879
     1.097     0.519     0.519     0.519     0.000     1.101     0.894
     1.060     0.544     0.544     0.544     0.000     1.101     0.908
     1.024     0.569     0.569     0.569     0.000     1.101     0.923
     0.987     0.593     0.593     0.593     0.000     1.101     0.938
     0.951     0.618     0.618     0.618     0.000     1.101     0.953
     0.915     0.642     0.642     0.642     0.000     1.101     0.967
     0.878     0.667     0.667     0.667     0.000     1.101     0.982
     0.842     0.692     0.692     0.692     0.000     1.101     0.997
     0.805     0.716     0.716     0.716     0.000     1.101     1.012
     0.769     0.741     0.741     0.741     0.000     1.101     1.026
     0.733     0.766     0.766     0.766     0.000     1.101     1.041
     0.696     0.790     0.790     0.790     0.000     1.101     1.056
     0.660     0.815     0.815     0.815     0.000     1.101     1.071
     0.623     0.839     0.839     0.839     0.000     1.101     1.085
     0.587     0.864     0.864     0.864     0.000     1.101     1.100
     0.551     0.889     0.889     0.889     0.000     1.101     1.097
     0.514     0.913     0.913     0.913     0.000     1.101     1.094
     0.478     0.938     0.938     0.938     0.000     1.101     1.092
     0.441     0.963     0.963     0.963     0.000     1.101     1.089
     0.405     0.987     0.987     0.987     0.000     1.101     1.086
     0.368     1.012     1.012     1.012     0.000     1.101     1.083
     0.332     1.036     1.036     1.036     0.000     1.101     1.081
     0.296     1.061     1.061     1.061     0.000     1.101     1.078
     0.259     1.061     1.061     1.061     0.000     1.101     1.075
     0.223     1.061     1.061     1.061     0.000     1.101     1.072
     0.186     1.061     1.061     1.061     0.000     1.101     1.070
     0.150     1.061     1.061     1.061     0.000     1.101     1.067
     0.000     1.061     1.061     1.061     0.000     1.101     1.064
     0.000     1.061     1.061     1.061     0.000     1.101     1.061
     0.000     1.061     1.061     1.061     0.000     1.101     1.059
     0.000     1.061     1.061     1.061     0.000     1.101     1.056
     0.000     1.061     1.061     1.061     0.000     1.101     1.053
     0.000     1.061     1.061     1.061     0.000     1.101     1.050
     0.000     1.061     1.061     1.061     0.000     1.101     1.048
     0.000     1.061     1.061     1.061     0.000     1.101     1.045
     0.000     1.061     1.061     1.061     0.000     1.101     1.042
     0.000     1.061     1.061     1.061     0.000     1.101     1.039
     0.000     1.061     1.061     1.061     0.000     1.101     1.037
     0.000     1.061     1.061     1.061     0.000     1.074     1.034
     0.000     1.061     1.061     1.061     0.000     1.046     1.031
     0.000     1.061     1.061     1.061     0.000     1.019     1.028
     0.000     1.061     1.061     1.061     0.000     0.991     1.026
     0.000     1.061     1.061     1.061     0.000     0.964     1.023
     0.000     1.061     1.061     1.061     0.000     0.936     1.020
     0.000     1.061     1.061     1.061     0.000     0.908     1.017
     0.000     1.061     1.061     1.061     0.000     0.881     1.015
     0.000     1.061     1.061     1.061     0.000     0.853     1.012
     0.000     1.061     1.061     1.061     0.000     0.826     1.009
     0.000     1.061     1.061     1.061     0.000     0.798     1.006
     0.000     1.061     1.061     1.061     0.000     0.771     1.004
     0.000     1.061     1.061     1.061     0.000     0.743     1.001
     0.000     1.061     1.061     1.061     0.000     0.715     0.998
     0.000     1.061     1.061     1.061     0.000     0.000     0.995
     0.000     1.061     1.061     1.061     0.000     0.000     0.993
     0.000     1.061     1.061     1.061     0.000     0.000     0.990
     0.000     1.061     1.061     1.061     0.000     0.000     0.987
     0.000     1.061     1.061     1.061     0.000     0.000     0.984
     0.000     1.061     1.061     1.061     0.000     0.000     0.982
     0.000     1.061     1.061     1.061     0.150     0.000     0.979
     0.000     1.061     1.061     1.061     0.150     0.000     0.976
     0.000     1.061     1.061     1.061     0.150     0.000     0.973
     0.000     1.061     1.061     1.061     0.150     0.000     0.971
     0.000     1.061     1.061     1.061     0.150     0.000     0.968
     0.000     1.061     1.061     1.061     0.150     0.000     0.965
     0.000     1.061     1.061     1.061     0.150     0.000     0.962
     0.000     1.061     1.061     1.061     0.150     0.000     0.960
     0.000     1.013     1.013     1.013     0.150     0.000     0.957
     0.000     0.965     0.965     0.965     0.185     0.000     0.954
     0.000     0.917     0.917     0.917     0.219     0.000     0.951
     0.000     0.869     0.869     0.869     0.254     0.000     0.949
     0.000     0.821     0.821     0.821     0.288     0.000     0.946
     0.000     0.773     0.773     0.773     0.323     0.000     0.943
     0.000     0.725     0.725     0.725     0.358     0.000     0.940
     0.000     0.677     0.677     0.677     0.392     0.000     0.937
     0.000     0.629     0.629     0.629     0.427     0.000     0.935
     0.000     0.582     0.582     0.582     0.462     0.000     0.932
     0.000     0.534     0.534     0.534     0.496     0.000     0.929
     0.000     0.486     0.486     0.486     0.531     0.000     0.926
     0.000     0.438     0.438     0.438     0.565     0.000     0.924
     0.000     0.390     0.390     0.390     0.600     0.000     0.921
     0.000     0.342     0.342     0.342     0.635     0.000     0.918
     0.000     0.294     0.294     0.294     0.669     0.000     0.915
     0.000     0.246     0.246     0.246     0.704     0.000     0.913
     0.000     0.198     0.198     0.198     0.738     0.000     0.910
     0.000     0.150     0.150     0.150     0.773     0.000     0.907
     0.000     0.000     0.000     0.000     0.808     0.000     0.904
     0.000     0.000     0.000     0.000     0.842     0.000     0.902
     0.000     0.000     0.000     0.000     0.877     0.000     0.899
     0.000     0.000     0.000     0.000     0.912     0.000     0.896
     0.000     0.000     0.000     0.000     0.946     0.000     0.893
     0.000     0.000     0.000     0.000     0.981     0.000     0.891
     0.000     0.000     0.000     0.000     1.015     0.000     0.888
     0.000     0.000     0.000     0.000     1.050     0.000     0.885
     0.000     0.000     0.000     0.000     1.085     0.000     0.882
     0.000     0.000     0.000     0.000     1.085     0.000     0.880
     0.000     0.000     0.000     0.000     1.085     0.000     0.877
     0.000     0.000     0.000     0.000     1.085     0.000     0.874
     0.000     0.000     0.000     0.000     1.085     0.000     0.871
     0.000     0.000     0.000     0.000     1.085     0.000     0.869
     0.000     0.000     0.000     0.000     1.085     0.000     0.866
     0.000     0.000     0.000     0.000     1.085     0.000     0.856
     0.000     0.000     0.000     0.000     1.085     0.000     0.846
     0.000     0.000     0.000     0.000     1.085     0.000     0.836
     0.000     0.000     0.000     0.000     1.085     0.000     0.000
     0.000     0.000     0.000     0.000     1.085     0.000     0.000
     0.000     0.000     0.000     0.000     1.085     0.000     0.000
     0.000     0.000     0.000     0.000     1.085     0.000     0.000
     0.000     0.000     0.000     0.000     1.085     0.000     0.000
     0.000     0.000     0.000     0.000     1.085     0.000     0.000
     0.000     0.000     0.000     0.000     1.085     0.000     0.000
     0.000     0.000     0.000     0.000     1.085     0.000     0.000
     0.000     0.000     0.000     0.000     1.085     0.000     0.000
     0.000     0.000     0.000     0.000     1.085     0.000     0.000
     0.000     0.000     0.000     0.000     1.085     0.000     0.000
     0.000     0.000     0.000     0.000     1.085     0.000     0.000
     0.000     0.000     0.000     0.000     1.085     0.000     0.000
     0.000     0.000     0.000     0.000     1.085     0.000     0.000
     0.000     0.000     0.000     0.000     1.085     0.000     0.000
     0.000     0.000     0.000     0.000     1.085     0.000     0.000
     0.000     0.000     0.000     0.000     1.085     0.000     0.000
     0.000     0.000     0.000     0.000     1.085     0.000     0.000
     0.000     0.000     0.000     0.000     1.085     0.000     0.000
     0.000     0.000     0.000     0.000     1.085     0.000     0.000
     0.000     0.000     0.000     0.000     1.085     0.000     0.000
     0.000     0.000     0.000     0.000     1.085     0.000     0.000
     0.000     0.000     0.000     0.000     1.085     0.000     0.000
     0.000     0.000     0.000     0.000     1.085     0.000     0.000
     0.000     0.000     0.000     0.000     1.085     0.000     0.000
     0.000     0.000     0.000     0.000     1.085     0.000     0.000
     0.000     0.000     0.000     0.000     1.085     0.000     0.000
     0.000     0.000     0.000     0.000     1.085     0.000     0.000
     0.000     0.000     0.000     0.000     1.085     0.000     0.000
     0.000     0.000     0.000     0.000     1.085     0.000     0.000
     0.000     0.000     0.000     0.000     1.085     0.000     0.000
     0.000     0.000     0.000     0.000     1.085     0.000     0.000
     0.000     0.000     0.000     0.000     1.085     0.000     0.000
     0.000     0.000     0.000     0.000     1.085     0.000     0.000
     0.000     0.000     0.000     0.000     1.085     0.000     0.000
     0.000     0.000     0.000     0.000     1.085     0.000     0.000
     0.000     0.000     0.000     0.000     1.085     0.000     0.000
     0.000     0.000     0.000     0.000     1.085     0.000     0.000
     0.000     0.000     0.000     0.000     1.085     0.000     0.000
     0.000     0.000     0.000     0.000     1.085     0.000     0.000
     0.000     0.000     0.000     0.000     1.085     0.000     0.000
     0.000     0.000     0.000     0.000     1.085     0.000     0.000
     0.000     0.000     0.000     0.000     1.085     0.000     0.000
     0.000     0.000     0.000     0.000     1.085     0.000     0.000
     0.000     0.000     0.000     0.000     1.085     0.000     0.000
     0.000     0.000     0.000     0.000     1.085     0.000     0.000
     0.000     0.000     0.000     0.000     1.085     0.000     0.000
     0.000     0.000     0.000     0.000     1.085     0.000     0.000
     0.000     0.000     0.000     0.000     1.085     0.000     0.000
     0.000     0.000     0.000     0.000     1.085     0.000     0.000
     0.000     0.000     0.000     0.075     1.085     0.000     0.000
     0.075     0.000     0.075     0.150     1.085     0.000     0.000
     0.150     0.000     0.150     0.150     1.085     0.000     0.000
     0.150     0.000     0.150     0.150     1.085     0.000     0.000
     0.150     0.000     0.150     0.150     1.085     0.000     0.000
     0.150     0.000     0.150     0.150     1.085     0.000     0.000
     0.150     0.000     0.150     0.150     0.000     0.000     0.000
     0.150     0.000     0.150     0.150     0.000     0.000     0.000
     0.150     0.000     0.150     0.150     0.000     0.000     0.000
     0.150     0.000     0.150     0.150     0.000     0.000     0.000
     0.150     0.000     0.150     0.150     0.000     0.000     0.000
     0.150     0.000     0.150     0.150     0.000     0.000     0.000
     0.150     0.000     0.150     0.150     0.000     0.000     0.000
     0.150     0.000     0.150     0.150     0.000     0.000     0.000
     0.150     0.000     0.150     0.150     0.000     0.000     0.000
     0.150     0.000     0.150     0.150     0.000     0.000     0.000
     0.150     0.000     0.150     0.150     0.000     0.000     0.000
     0.150     0.000     0.150     0.150     0.000     0.000     0.000
     0.150     0.000     0.150     0.150     0.000     0.000     0.000
     0.150     0.000     0.150     0.150     0.000     0.000     0.000
     0.150     0.000     0.150     0.150     0.000     0.000     0.000
     0.150     0.000     0.150     0.150     0.000     0.000     0.000
     0.157     0.000     0.157     0.150     0.000     0.000     0.000
     0.165     0.000     0.165     0.150     0.000     0.000     0.000
     0.172     0.000     0.172     0.150     0.000     0.000     0.000
     0.179     0.000     0.179     0.150     0.000     0.000     0.000
     0.187     0.000     0.187     0.150     0.000     0.000     0.000
     0.194     0.000     0.194     0.150     0.000     0.000     0.000
     0.202     0.000     0.202     0.152     0.000     0.000     0.000
     0.209     0.000     0.209     0.154     0.000     0.000     0.000
     0.216     0.000     0.216     0.155     0.000     0.000     0.000
     0.224     0.000     0.224     0.157     0.000     0.000     0.000
     0.231     0.000     0.231     0.159     0.000     0.000     0.000
     0.238     0.000     0.238     0.161     0.000     0.000     0.000
     0.246     0.000     0.246     0.162     0.000     0.000     0.000
     0.253     0.000     0.253     0.164     0.000     0.000     0.000
     0.260     0.000     0.260     0.166     0.000     0.000     0.000
     0.268     0.000     0.268     0.168     0.000     0.000     0.000
     0.275     0.000     0.275     0.170     0.000     0.000     0.000
     0.283     0.000     0.283     0.171     0.000     0.000     0.000
     0.290     0.000     0.290     0.173     0.000     0.000     0.000
     0.297     0.000     0.297     0.175     0.000     0.000     0.000
     0.305     0.000     0.305     0.177     0.000     0.000     0.000
     0.312     0.000     0.312     0.178     0.000     0.000     0.000
     0.319     0.000     0.319     0.180     0.000     0.000     0.000
     0.327     0.000     0.327     0.182     0.000     0.000     0.000
     0.334     0.000     0.334     0.184     0.000     0.000     0.000
     0.341     0.000     0.341     0.185     0.000     0.000     0.000
     0.349     0.000     0.349     0.187     0.000     0.000     0.000
     0.356     0.000     0.356     0.189     0.000     0.000     0.000
     0.364     0.000     0.364     0.191     0.000     0.000     0.000
     0.371     0.000     0.371     0.193     0.000     0.000     0.000
     0.378     0.000     0.378     0.194     0.000     0.000     0.000
     0.386     0.000     0.386     0.196     0.000     0.000     0.000
     0.393     0.000     0.393     0.198     0.000     0.000     0.000
     0.400     0.000     0.400     0.200     0.000     0.000     0.000
     0.408     0.000     0.408     0.201     0.000     0.000     0.000
     0.415     0.000     0.415     0.203     0.000     0.000     0.000
     0.422     0.000     0.422     0.205     0.000     0.000     0.000
     0.430     0.000     0.430     0.207     0.000     0.000     0.000
     0.437     0.000     0.437     0.209     0.000     0.000     0.000
     0.444     0.000     0.444     0.210     0.000     0.000     0.000
     0.452     0.000     0.452     0.212     0.000     0.000     0.000
     0.459     0.000     0.459     0.214     0.000     0.000     0.000
     0.467     0.000     0.467     0.216     0.000     0.000     0.000
     0.474     0.000     0.474     0.217     0.000     0.000     0.000
     0.481     0.000     0.481     0.219     0.000     0.000     0.000
     0.489     0.000     0.489     0.221     0.000     0.000     0.000
     0.496     0.000     0.496     0.223     0.000     0.000     0.000
     0.503     0.000     0.503     0.225     0.000     0.000     0.000
     0.511     0.000     0.511     0.226     0.000     0.000     0.000
