 CrID_1 CrID_2 CrID_3 CrID_4 CrID_5 CrID_6 CrID_7
     0.050     0.000     0.050     0.158     0.000     0.000     0.000
     0.050     0.000     0.050     0.160     0.000     0.000     0.000
     0.050     0.000     0.050     0.161     0.000     0.000     0.000
     0.050     0.000     0.050     0.163     0.000     0.000     0.000
     0.050     0.000     0.050     0.165     0.000     0.000     0.000
     0.050     0.000     0.050     0.167     0.000     0.000     0.000
     0.050     0.000     0.050     0.169     0.000     0.000     0.000
     0.050     0.000     0.050     0.171     0.000     0.000     0.000
     0.050     0.000     0.050     0.173     0.000     0.000     0.000
     0.050     0.000     0.050     0.175     0.000     0.000     0.000
     0.050     0.000     0.050     0.177     0.000     0.000     0.000
     0.050     0.000     0.050     0.179     0.000     0.000     0.000
     0.050     0.000     0.050     0.181     0.000     0.000     0.000
     0.050     0.000     0.050     0.183     0.000     0.000     0.000
     0.050     0.000     0.050     0.185     0.000     0.000     0.000
     0.050     0.000     0.050     0.187     0.000     0.000     0.000
     0.050     0.000     0.050     0.189     0.000     0.000     0.000
     0.050     0.000     0.050     0.191     0.000     0.000     0.000
     0.050     0.000     0.050     0.193     0.000     0.000     0.000
     0.050     0.000     0.050     0.194     0.000     0.000     0.000
     0.050     0.000     0.050     0.196     0.000     0.000     0.000
     0.050     0.000     0.050     0.198     0.000     0.000     0.000
     0.050     0.000     0.050     0.200     0.000     0.000     0.000
     0.050     0.000     0.050     0.202     0.000     0.000     0.000
     0.050     0.000     0.050     0.204     0.000     0.000     0.000
     0.050     0.000     0.050     0.206     0.000     0.000     0.000
     0.050     0.000     0.050     0.208     0.000     0.000     0.000
     0.050     0.000     0.050     0.210     0.000     0.000     0.000
     0.170     0.000     0.170     0.212     0.000     0.000     0.000
     0.290     0.000     0.290     0.214     0.000     0.000     0.000
     0.409     0.000     0.409     0.216     0.000     0.000     0.000
     0.529     0.000     0.529     0.218     0.000     0.000     0.000
     0.649     0.000     0.649     0.220     0.000     0.000     0.000
     0.769     0.000     0.769     0.222     0.000     0.000     0.000
     0.889     0.000     0.889     0.224     0.000     0.000     0.000
     1.009     0.000     1.009     0.226     0.000     0.000     0.000
     1.128     0.000     1.128     0.227     0.000     0.000     0.000
     1.248     0.000     1.248     0.229     0.000     0.000     0.000
     1.368     0.000     1.368     0.231     0.000     0.000     0.000
     1.488     0.000     1.488     0.233     0.000     0.000     0.000
     1.608     0.000     1.608     0.235     0.000     0.000     0.000
     1.728     0.000     1.728     0.237     0.000     0.000     0.000
     1.847     0.000     1.847     0.239     0.000     0.000     0.000
     1.967     0.000     1.967     0.241     0.000     0.000     0.000
     2.087     0.000     2.087     0.243     0.000     0.000     0.000
     2.207     0.000     2.207     0.245     0.000     0.000     0.000
     2.327     0.000     2.327     0.247     0.000     0.000     0.000
     2.447     0.000     2.447     0.249     0.000     0.000     0.000
     2.566     0.000     2.566     0.251     0.000     0.000     0.000
     2.686     0.000     2.686     0.253     0.000     0.000     0.000
     2.806     0.000     2.806     0.255     0.000     0.000     0.000
     2.926     0.000     2.926     0.257     0.000     0.000     0.000
     3.046     0.000     3.046     0.259     0.000     0.000     0.000
     3.166     0.000     3.166     0.260     0.000     0.000     0.000
     3.285     0.000     3.285     0.262     0.000     0.000     0.000
     3.405     0.000     3.405     0.264     0.000     0.000     0.000
     3.525     0.000     3.525     0.266     0.000     0.000     0.000
     3.645     0.000     3.645     0.268     0.000     0.000     0.000
     3.765     0.000     3.765     0.270     0.000     0.000     0.000
     3.884     0.000     3.884     0.272     0.000     0.000     0.000
     4.004     0.000     4.004     0.000     0.000     0.000     0.000
     4.124     0.000     4.124     0.000     0.000     0.000     0.000
     4.244     0.000     4.244     0.000     0.000     0.000     0.000
     4.364     0.000     4.364     0.000     0.000     0.000     0.000
     4.484     0.000     4.484     0.000     0.000     0.000     0.000
     4.603     0.000     4.603     0.000     0.000     0.000     0.000
     4.723     0.000     4.723     0.000     0.000     0.000     0.000
     4.843     0.000     4.843     0.000     0.000     0.000     0.000
     4.963     0.000     4.963     0.000     0.000     0.000     0.000
     5.083     0.000     5.083     0.000     0.000     0.000     0.000
     5.203     0.000     5.203     0.000     0.000     0.000     0.000
     5.322     0.000     5.322     0.000     0.000     0.000     0.000
     5.442     0.000     5.442     0.000     0.000     0.000     0.000
     5.562     0.000     5.562     0.000     0.000     0.000     0.000
     5.682     0.000     5.682     0.000     0.000     0.000     0.000
     5.802     0.000     5.802     0.000     0.000     0.000     0.000
     5.922     0.000     5.922     0.000     0.000     0.000     0.000
     6.041     0.000     6.041     0.000     0.000     0.000     0.000
     6.161     0.000     6.161     0.000     0.000     0.000     0.000
     6.281     0.000     6.281     0.000     0.000     0.000     1.000
     6.401     0.000     6.401     0.000     0.000     0.000     1.030
     6.521     0.000     6.521     0.000     0.000     0.000     1.041
     6.641     0.000     6.641     0.000     0.000     0.000     1.051
     6.760     0.000     0.000     0.000     0.000     0.000     1.062
     6.880     0.000     0.000     0.000     0.000     0.000     1.073
     7.000     0.000     0.000     0.000     0.000     0.000     1.083
     7.000     0.000     0.000     0.000     0.000     0.000     1.094
     7.000     0.000     0.000     0.000     0.000     0.000     1.104
     7.000     0.000     0.000     0.000     0.000     0.000     1.115
     7.000     0.000     0.000     0.000     0.000     0.000     1.126
     7.000     0.000     0.000     0.000     0.000     0.000     1.136
     7.000     0.000     0.000     0.000     0.000     0.000     1.147
     7.000     0.000     0.000     0.000     0.000     0.000     1.158
     7.000     0.000     0.000     0.000     0.000     0.000     1.168
     7.000     0.000     0.000     0.000     0.000     0.000     1.179
     7.000     0.000     0.000     0.000     0.000     0.000     1.189
     7.000     0.000     0.000     0.000     0.000     0.000     1.200
     7.000     0.000     0.000     0.000     0.000     0.000     1.211
     7.000     0.000     0.000     0.000     0.000     0.000     1.221
     7.000     0.000     0.000     0.000     0.000     0.000     1.232
     7.000     0.013     0.013     0.013     0.000     0.000     1.243
     7.000     0.025     0.025     0.025     0.000     0.000     1.253
     7.000     0.038     0.038     0.038     0.000     0.000     1.264
     7.000     0.050     0.050     0.050     0.000     0.000     1.274
     7.000     0.066     0.066     0.066     0.000     0.000     1.285
     7.000     0.082     0.082     0.082     0.000     0.000     1.296
     7.000     0.098     0.098     0.098     0.000     0.000     1.306
     7.000     0.114     0.114     0.114     0.000     0.000     1.317
     7.000     0.130     0.130     0.130     0.000     0.000     1.328
     7.000     0.146     0.146     0.146     0.000     0.000     1.338
     7.000     0.162     0.162     0.162     0.000     0.200     1.349
     7.000     0.179     0.179     0.179     0.000     0.318     1.359
     7.000     0.195     0.195     0.195     0.000     0.436     1.370
     7.000     0.211     0.211     0.211     0.000     0.555     1.459
     7.000     0.227     0.227     0.227     0.000     0.673     1.548
     7.000     0.243     0.243     0.243     0.000     0.791     1.638
     7.000     0.259     0.259     0.259     0.000     0.909     1.727
     7.000     0.275     0.275     0.275     0.000     1.027     1.816
     7.000     0.291     0.291     0.291     0.000     1.145     1.905
     7.000     0.307     0.307     0.307     0.000     1.264     1.995
     7.000     0.323     0.323     0.323     0.000     1.382     2.084
     7.000     0.339     0.339     0.339     0.000     1.500     2.173
     7.000     0.355     0.355     0.355     0.000     1.586     2.262
     7.000     0.371     0.371     0.371     0.000     1.672     2.352
     7.000     0.388     0.388     0.388     0.000     1.759     2.441
     7.000     0.404     0.404     0.404     0.000     1.845     2.530
     7.000     0.420     0.420     0.420     0.000     1.931     2.619
     7.000     0.436     0.436     0.436     0.000     2.017     2.708
     7.000     0.452     0.452     0.452     0.000     2.103     2.798
     7.000     0.468     0.468     0.468     0.000     2.190     2.887
     7.000     0.484     0.484     0.484     0.000     2.276     2.976
     7.000     0.500     0.500     0.500     0.000     2.362     3.065
     7.000     0.609     0.609     0.609     0.000     2.448     3.155
     7.000     0.719     0.719     0.719     0.000     2.534     3.244
     7.000     0.828     0.828     0.828     0.000     2.621     3.333
     7.000     0.937     0.937     0.937     0.000     2.707     3.422
     7.000     1.047     1.047     1.047     0.000     2.793     3.512
     7.000     1.156     1.156     1.156     0.000     2.879     3.601
     7.000     1.265     1.265     1.265     0.000     2.966     3.690
     7.000     1.374     1.374     1.374     0.000     3.052     3.779
     7.000     1.484     1.484     1.484     0.000     3.138     3.868
     7.000     1.593     1.593     1.593     0.000     3.224     3.958
     7.000     1.702     1.702     1.702     0.000     3.310     4.047
     7.000     1.812     1.812     1.812     0.000     3.397     4.136
     7.000     1.921     1.921     1.921     0.000     3.483     4.225
     7.000     2.030     2.030     2.030     0.000     3.569     4.315
     7.000     2.140     2.140     2.140     0.000     3.655     4.404
     7.000     2.249     2.249     2.249     0.000     3.741     4.493
     7.000     2.358     2.358     2.358     0.000     3.828     4.582
     6.735     2.467     2.467     2.467     0.000     3.914     4.672
     6.471     2.577     2.577     2.577     0.000     4.000     4.761
     6.206     2.686     2.686     2.686     0.000     3.986     4.850
     5.942     2.795     2.795     2.795     0.000     3.973     4.861
     5.677     2.905     2.905     2.905     0.000     3.959     4.871
     5.412     3.014     3.014     3.014     0.000     3.946     4.882
     5.148     3.123     3.123     3.123     0.000     3.932     4.893
     4.883     3.233     3.233     3.233     0.000     3.919     4.904
     4.619     3.342     3.342     3.342     0.000     3.905     4.914
     4.354     3.451     3.451     3.451     0.000     3.892     4.925
     4.089     3.560     3.560     3.560     0.000     3.878     4.936
     3.825     3.670     3.670     3.670     0.000     3.865     4.946
     3.560     3.779     3.779     3.779     0.000     3.851     4.957
     3.296     3.888     3.888     3.888     0.000     3.838     4.968
     3.031     3.998     3.998     3.998     0.000     3.824     4.979
     2.766     4.107     4.107     4.107     0.000     3.811     4.989
     2.502     4.216     4.216     4.216     0.000     3.797     5.000
     2.237     4.326     4.326     4.326     0.000     3.784     4.993
     1.973     4.435     4.435     4.435     0.000     3.770     4.987
     1.708     4.544     4.544     4.544     0.000     3.757     4.980
     1.443     4.653     4.653     4.653     0.000     3.743     4.973
     1.179     4.763     4.763     4.763     0.000     3.730     4.967
     0.914     4.872     4.872     4.872     0.000     3.716     4.960
     0.650     4.981     4.981     4.981     0.000     3.703     4.953
     0.385     5.091     5.091     5.091     0.000     3.689     4.947
     0.000     5.200     5.200     5.200     0.000     3.676     4.940
     0.000     5.190     5.190     5.190     0.000     3.662     4.933
     0.000     5.180     5.180     5.180     0.000     3.649     4.927
     0.000     5.170     5.170     5.170     0.000     3.635     4.920
     0.000     5.160     5.160     5.160     0.000     3.622     4.913
     0.000     5.150     5.150     5.150     0.000     3.608     4.907
     0.000     5.140     5.140     5.140     0.000     3.595     4.900
     0.000     5.130     5.130     5.130     0.000     3.581     4.893
     0.000     5.120     5.120     5.120     0.000     3.568     4.887
     0.000     5.110     5.110     5.110     0.000     3.554     4.880
     0.000     5.100     5.100     5.100     0.000     3.541     4.873
     0.000     5.090     5.090     5.090     0.000     3.527     4.867
     0.000     5.080     5.080     5.080     0.000     3.514     4.860
     0.000     5.070     5.070     5.070     0.000     3.500     4.853
     0.000     5.060     5.060     5.060     0.000     3.367     4.847
     0.000     5.050     5.050     5.050     0.000     3.233     4.840
     0.000     5.040     5.040     5.040     0.000     3.100     4.833
     0.000     5.030     5.030     5.030     0.000     2.967     4.827
     0.000     5.020     5.020     5.020     0.000     2.833     4.820
     0.000     5.010     5.010     5.010     0.000     2.700     4.813
     0.000     5.000     5.000     5.000     0.000     2.567     4.807
     0.000     4.990     4.990     4.990     0.000     2.433     4.800
     0.000     4.980     4.980     4.980     0.000     2.300     4.793
     0.000     4.970     4.970     4.970     0.000     2.167     4.787
     0.000     4.960     4.960     4.960     0.000     2.033     4.780
     0.000     4.950     4.950     4.950     0.000     1.900     4.773
     0.000     4.940     4.940     4.940     0.000     1.767     4.767
     0.000     4.930     4.930     4.930     0.100     1.633     4.760
     0.000     4.920     4.920     4.920     0.144     1.500     4.753
     0.000     4.910     4.910     4.910     0.189     0.000     4.747
     0.000     4.900     4.900     4.900     0.233     0.000     4.740
     0.000     4.890     4.890     4.890     0.278     0.000     4.733
     0.000     4.880     4.880     4.880     0.322     0.000     4.727
     0.000     4.870     4.870     4.870     0.367     0.000     4.720
     0.000     4.860     4.860     4.860     0.411     0.000     4.713
     0.000     4.850     4.850     4.850     0.456     0.000     4.707
     0.000     4.840     4.840     4.840     0.500     0.000     4.700
     0.000     4.830     4.830     4.830     0.613     0.000     4.694
     0.000     4.820     4.820     4.820     0.726     0.000     4.687
     0.000     4.810     4.810     4.810     0.839     0.000     4.680
     0.000     4.800     4.800     4.800     0.952     0.000     4.674
     0.000     4.790     4.790     4.790     1.065     0.000     4.667
     0.000     4.780     4.780     4.780     1.177     0.000     4.660
     0.000     4.770     4.770     4.770     1.290     0.000     4.654
     0.000     4.760     4.760     4.760     1.403     0.000     4.647
     0.000     4.750     4.750     4.750     1.516     0.000     4.640
     0.000     4.740     4.740     4.740     1.629     0.000     4.634
     0.000     4.730     4.730     4.730     1.742     0.000     4.627
     0.000     4.720     4.720     4.720     1.855     0.000     4.620
     0.000     4.710     4.710     4.710     1.968     0.000     4.614
     0.000     4.700     4.700     4.700     2.081     0.000     4.607
     0.000     4.657     4.657     4.657     2.194     0.000     4.600
     0.000     4.613     4.613     4.613     2.306     0.000     4.594
     0.000     4.570     4.570     4.570     2.419     0.000     4.587
     0.000     4.526     4.526     4.526     2.532     0.000     4.580
     0.000     4.483     4.483     4.483     2.645     0.000     4.574
     0.000     4.439     4.439     4.439     2.758     0.000     4.567
     0.000     4.396     4.396     4.396     2.871     0.000     4.560
     0.000     4.352     4.352     4.352     2.984     0.000     4.554
     0.000     4.309     4.309     4.309     3.097     0.000     4.547
     0.000     4.265     4.265     4.265     3.210     0.000     4.540
     0.000     4.222     4.222     4.222     3.323     0.000     4.534
     0.000     4.178     4.178     4.178     3.435     0.000     4.527
     0.000     4.135     4.135     4.135     3.548     0.000     4.520
     0.000     4.091     4.091     4.091     3.661     0.000     4.514
     0.000     4.048     4.048     4.048     3.774     0.000     4.507
     0.000     4.004     4.004     4.004     3.887     0.000     4.500
     0.000     3.961     3.961     3.961     4.000     0.000     4.494
     0.000     3.917     3.917     3.917     4.010     0.000     4.487
     0.000     3.874     3.874     3.874     4.020     0.000     4.480
     0.000     3.830     3.830     3.830     4.031     0.000     4.474
     0.000     3.787     3.787     3.787     4.041     0.000     4.467
     0.000     3.743     3.743     3.743     4.051     0.000     4.460
     0.000     3.700     3.700     3.700     4.061     0.000     4.454
     0.000     0.000     0.000     0.000     4.071     0.000     4.447
     0.000     0.000     0.000     0.000     4.082     0.000     4.440
     0.000     0.000     0.000     0.000     4.092     0.000     0.000
     0.000     0.000     0.000     0.000     4.102     0.000     0.000
     0.000     0.000     0.000     0.000     4.112     0.000     0.000
     0.000     0.000     0.000     0.000     4.122     0.000     0.000
     0.000     0.000     0.000     0.000     4.132     0.000     0.000
     0.000     0.000     0.000     0.000     4.143     0.000     0.000
     0.000     0.000     0.000     0.000     4.153     0.000     0.000
     0.000     0.000     0.000     0.000     4.163     0.000     0.000
     0.000     0.000     0.000     0.000     4.173     0.000     0.000
     0.000     0.000     0.000     0.000     4.183     0.000     0.000
     0.000     0.000     0.000     0.000     4.194     0.000     0.000
     0.000     0.000     0.000     0.000     4.204     0.000     0.000
     0.000     0.000     0.000     0.000     4.214     0.000     0.000
     0.000     0.000     0.000     0.000     4.224     0.000     0.000
     0.000     0.000     0.000     0.000     4.234     0.000     0.000
     0.000     0.000     0.000     0.000     4.245     0.000     0.000
     0.000     0.000     0.000     0.000     4.255     0.000     0.000
     0.000     0.000     0.000     0.000     4.265     0.000     0.000
     0.000     0.000     0.000     0.000     4.275     0.000     0.000
     0.000     0.000     0.000     0.000     4.285     0.000     0.000
     0.000     0.000     0.000     0.000     4.296     0.000     0.000
     0.000     0.000     0.000     0.000     4.306     0.000     0.000
     0.000     0.000     0.000     0.000     4.316     0.000     0.000
     0.000     0.000     0.000     0.000     4.326     0.000     0.000
     0.000     0.000     0.000     0.000     4.336     0.000     0.000
     0.000     0.000     0.000     0.000     4.347     0.000     0.000
     0.000     0.000     0.000     0.000     4.357     0.000     0.000
     0.000     0.000     0.000     0.000     4.367     0.000     0.000
     0.000     0.000     0.000     0.000     4.377     0.000     0.000
     0.000     0.000     0.000     0.000     4.387     0.000     0.000
     0.000     0.000     0.000     0.000     4.397     0.000     0.000
     0.000     0.000     0.000     0.000     4.408     0.000     0.000
     0.000     0.000     0.000     0.000     4.418     0.000     0.000
     0.000     0.000     0.000     0.000     4.428     0.000     0.000
     0.000     0.000     0.000     0.000     4.438     0.000     0.000
     0.000     0.000     0.000     0.000     4.448     0.000     0.000
     0.000     0.000     0.000     0.000     4.459     0.000     0.000
     0.000     0.000     0.000     0.000     4.469     0.000     0.000
     0.000     0.000     0.000     0.000     4.479     0.000     0.000
     0.000     0.000     0.000     0.000     4.489     0.000     0.000
     0.000     0.000     0.000     0.000     4.499     0.000     0.000
     0.000     0.000     0.000     0.000     4.510     0.000     0.000
     0.000     0.000     0.000     0.000     4.520     0.000     0.000
     0.000     0.000     0.000     0.000     4.530     0.000     0.000
     0.000     0.000     0.000     0.000     4.540     0.000     0.000
     0.000     0.000     0.000     0.000     4.550     0.000     0.000
     0.000     0.000     0.000     0.000     4.561     0.000     0.000
     0.000     0.000     0.000     0.000     4.571     0.000     0.000
     0.000     0.000     0.000     0.000     4.581     0.000     0.000
     0.025     0.000     0.025     0.000     4.591     0.000     0.000
     0.050     0.000     0.050     0.000     0.000     0.000     0.000
     0.050     0.000     0.050     0.000     0.000     0.000     0.000
     0.050     0.000     0.050     0.000     0.000     0.000     0.000
     0.050     0.000     0.050     0.000     0.000     0.000     0.000
     0.050     0.000     0.050     0.000     0.000     0.000     0.000
     0.050     0.000     0.050     0.000     0.000     0.000     0.000
     0.050     0.000     0.050     0.000     0.000     0.000     0.000
     0.050     0.000     0.050     0.000     0.000     0.000     0.000
     0.050     0.000     0.050     0.000     0.000     0.000     0.000
     0.050     0.000     0.050     0.007     0.000     0.000     0.000
     0.050     0.000     0.050     0.014     0.000     0.000     0.000
     0.050     0.000     0.050     0.021     0.000     0.000     0.000
     0.050     0.000     0.050     0.028     0.000     0.000     0.000
     0.050     0.000     0.050     0.035     0.000     0.000     0.000
     0.050     0.000     0.050     0.042     0.000     0.000     0.000
     0.050     0.000     0.050     0.049     0.000     0.000     0.000
     0.050     0.000     0.050     0.056     0.000     0.000     0.000
     0.050     0.000     0.050     0.062     0.000     0.000     0.000
     0.050     0.000     0.050     0.065     0.000     0.000     0.000
     0.050     0.000     0.050     0.067     0.000     0.000     0.000
     0.050     0.000     0.050     0.069     0.000     0.000     0.000
     0.050     0.000     0.050     0.071     0.000     0.000     0.000
     0.050     0.000     0.050     0.074     0.000     0.000     0.000
     0.050     0.000     0.050     0.076     0.000     0.000     0.000
     0.050     0.000     0.050     0.078     0.000     0.000     0.000
     0.050     0.000     0.050     0.080     0.000     0.000     0.000
     0.050     0.000     0.050     0.082     0.000     0.000     0.000
     0.050     0.000     0.050     0.085     0.000     0.000     0.000
     0.050     0.000     0.050     0.087     0.000     0.000     0.000
     0.050     0.000     0.050     0.089     0.000     0.000     0.000
     0.050     0.000     0.050     0.091     0.000     0.000     0.000
     0.050     0.000     0.050     0.094     0.000     0.000     0.000
     0.050     0.000     0.050     0.096     0.000     0.000     0.000
     0.050     0.000     0.050     0.098     0.000     0.000     0.000
     0.050     0.000     0.050     0.100     0.000     0.000     0.000
     0.050     0.000     0.050     0.102     0.000     0.000     0.000
     0.050     0.000     0.050     0.105     0.000     0.000     0.000
     0.050     0.000     0.050     0.107     0.000     0.000     0.000
     0.050     0.000     0.050     0.109     0.000     0.000     0.000
     0.050     0.000     0.050     0.111     0.000     0.000     0.000
     0.050     0.000     0.050     0.113     0.000     0.000     0.000
     0.050     0.000     0.050     0.116     0.000     0.000     0.000
     0.050     0.000     0.050     0.118     0.000     0.000     0.000
     0.050     0.000     0.050     0.120     0.000     0.000     0.000
     0.050     0.000     0.050     0.122     0.000     0.000     0.000
     0.050     0.000     0.050     0.125     0.000     0.000     0.000
     0.050     0.000     0.050     0.127     0.000     0.000     0.000
     0.050     0.000     0.050     0.129     0.000     0.000     0.000
     0.050     0.000     0.050     0.131     0.000     0.000     0.000
     0.050     0.000     0.050     0.133     0.000     0.000     0.000
     0.050     0.000     0.050     0.136     0.000     0.000     0.000
     0.050     0.000     0.050     0.138     0.000     0.000     0.000
     0.050     0.000     0.050     0.140     0.000     0.000     0.000
     0.050     0.000     0.050     0.142     0.000     0.000     0.000
     0.050     0.000     0.050     0.144     0.000     0.000     0.000
     0.050     0.000     0.050     0.147     0.000     0.000     0.000
     0.050     0.000     0.050     0.149     0.000     0.000     0.000
     0.050     0.000     0.050     0.151     0.000     0.000     0.000
     0.050     0.000     0.050     0.153     0.000     0.000     0.000
     0.050     0.000     0.050     0.156     0.000     0.000     0.000
     0.050     0.000     0.050     0.158     0.000     0.000     0.000
     0.050     0.000     0.050     0.160     0.000     0.000     0.000
     0.050     0.000     0.050     0.162     0.000     0.000     0.000
     0.050     0.000     0.050     0.164     0.000     0.000     0.000
     0.050     0.000     0.050     0.167     0.000     0.000     0.000
     0.050     0.000     0.050     0.169     0.000     0.000     0.000
     0.050     0.000     0.050     0.171     0.000     0.000     0.000
     0.050     0.000     0.050     0.173     0.000     0.000     0.000
     0.050     0.000     0.050     0.176     0.000     0.000     0.000
     0.050     0.000     0.050     0.178     0.000     0.000     0.000
     0.050     0.000     0.050     0.180     0.000     0.000     0.000
     0.050     0.000     0.050     0.182     0.000     0.000     0.000
     0.050     0.000     0.050     0.184     0.000     0.000     0.000
     0.050     0.000     0.050     0.187     0.000     0.000     0.000
     0.050     0.000     0.050     0.189     0.000     0.000     0.000
     0.050     0.000     0.050     0.191     0.000     0.000     0.000
     0.050     0.000     0.050     0.193     0.000     0.000     0.000
     0.050     0.000     0.050     0.195     0.000     0.000     0.000
     0.050     0.000     0.050     0.198     0.000     0.000     0.000
     0.050     0.000     0.050     0.200     0.000     0.000     0.000
     0.050     0.000     0.050     0.202     0.000     0.000     0.000
     0.050     0.000     0.050     0.204     0.000     0.000     0.000
     0.050     0.000     0.050     0.207     0.000     0.000     0.000
     0.050     0.000     0.050     0.209     0.000     0.000     0.000
     0.050     0.000     0.050     0.211     0.000     0.000     0.000
     0.050     0.000     0.050     0.213     0.000     0.000     0.000
     0.050     0.000     0.050     0.215     0.000     0.000     0.000
     0.050     0.000     0.050     0.218     0.000     0.000     0.000
     0.050     0.000     0.050     0.220     0.000     0.000     0.000
     0.050     0.000     0.050     0.222     0.000     0.000     0.000
     0.050     0.000     0.050     0.224     0.000     0.000     0.000
     0.050     0.000     0.050     0.226     0.000     0.000     0.000
     0.166     0.000     0.166     0.229     0.000     0.000     0.000
     0.282     0.000     0.282     0.231     0.000     0.000     0.000
     0.398     0.000     0.398     0.233     0.000     0.000     0.000
     0.513     0.000     0.513     0.235     0.000     0.000     0.000
     0.629     0.000     0.629     0.238     0.000     0.000     0.000
     0.745     0.000     0.745     0.240     0.000     0.000     0.000
     0.861     0.000     0.861     0.242     0.000     0.000     0.000
     0.977     0.000     0.977     0.244     0.000     0.000     0.000
     1.093     0.000     1.093     0.246     0.000     0.000     0.000
     1.208     0.000     1.208     0.249     0.000     0.000     0.000
     1.324     0.000     1.324     0.251     0.000     0.000     0.000
     1.440     0.000     1.440     0.253     0.000     0.000     0.000
     1.556     0.000     1.556     0.255     0.000     0.000     0.000
     1.672     0.000     1.672     0.258     0.000     0.000     0.000
     1.788     0.000     1.788     0.260     0.000     0.000     0.000
     1.903     0.000     1.903     0.262     0.000     0.000     0.000
     2.019     0.000     2.019     0.264     0.000     0.000     0.000
     2.135     0.000     2.135     0.266     0.000     0.000     0.000
     2.251     0.000     2.251     0.269     0.000     0.000     0.000
     2.367     0.000     2.367     0.271     0.000     0.000     0.000
     2.482     0.000     2.482     0.273     0.000     0.000     0.000
     2.598     0.000     2.598     0.275     0.000     0.000     0.000
     2.714     0.000     2.714     0.277     0.000     0.000     0.000
     2.830     0.000     2.830     0.280     0.000     0.000     0.000
     2.946     0.000     2.946     0.282     0.000     0.000     0.000
     3.062     0.000     3.062     0.284     0.000     0.000     0.000
     3.178     0.000     3.178     0.286     0.000     0.000     0.000
     3.293     0.000     3.293     0.289     0.000     0.000     0.000
     3.409     0.000     3.409     0.291     0.000     0.000     0.000
     3.525     0.000     3.525     0.293     0.000     0.000     0.000
     3.641     0.000     3.641     0.295     0.000     0.000     0.000
     3.757     0.000     3.757     0.297     0.000     0.000     0.000
     3.873     0.000     3.873     0.300     0.000     0.000     0.000
     3.988     0.000     3.988     0.000     0.000     0.000     0.000
     4.104     0.000     4.104     0.000     0.000     0.000     0.000
     4.220     0.000     4.220     0.000     0.000     0.000     0.000
     4.336     0.000     4.336     0.000     0.000     0.000     0.000
     4.452     0.000     4.452     0.000     0.000     0.000     0.000
     4.568     0.000     4.568     0.000     0.000     0.000     0.000
     4.683     0.000     4.683     0.000     0.000     0.000     0.000
     4.799     0.000     4.799     0.000     0.000     0.000     0.000
     4.915     0.000     4.915     0.000     0.000     0.000     0.000
     5.031     0.000     5.031     0.000     0.000     0.000     0.000
     5.147     0.000     5.147     0.000     0.000     0.000     0.000
     5.263     0.000     5.263     0.000     0.000     0.000     0.000
     5.378     0.000     5.378     0.000     0.000     0.000     0.000
     5.494     0.000     5.494     0.000     0.000     0.000     0.000
     5.610     0.000     5.610     0.000     0.000     0.000     0.000
     5.726     0.000     5.726     0.000     0.000     0.000     0.000
     5.842     0.000     5.842     0.000     0.000     0.000     0.000
     5.958     0.000     5.958     0.000     0.000     0.000     0.000
     6.073     0.000     6.073     0.000     0.000     0.000     1.000
     6.189     0.000     6.189     0.000     0.000     0.000     1.030
     6.305     0.000     6.305     0.000     0.000     0.000     1.041
     6.421     0.000     6.421     0.000     0.000     0.000     1.053
     6.537     0.000     6.537     0.000     0.000     0.000     1.064
     6.653     0.000     0.000     0.000     0.000     0.000     1.075
     6.768     0.000     0.000     0.000     0.000     0.000     1.087
     6.884     0.000     0.000     0.000     0.000     0.000     1.098
     7.000     0.000     0.000     0.000     0.000     0.000     1.109
     7.000     0.000     0.000     0.000     0.000     0.000     1.121
     7.000     0.000     0.000     0.000     0.000     0.000     1.132
     7.000     0.000     0.000     0.000     0.000     0.000     1.143
     7.000     0.000     0.000     0.000     0.000     0.000     1.155
     7.000     0.000     0.000     0.000     0.000     0.000     1.166
     7.000     0.000     0.000     0.000     0.000     0.000     1.177
     7.000     0.000     0.000     0.000     0.000     0.000     1.189
     7.000     0.000     0.000     0.000     0.000     0.000     1.200
     7.000     0.000     0.000     0.000     0.000     0.000     1.211
     7.000     0.000     0.000     0.000     0.000     0.000     1.223
     7.000     0.000     0.000     0.000     0.000     0.000     1.234
     7.000     0.000     0.000     0.000     0.000     0.000     1.245
     7.000     0.000     0.000     0.000     0.000     0.000     1.257
     7.000     0.000     0.000     0.000     0.000     0.000     1.268
     7.000     0.000     0.000     0.000     0.000     0.000     1.279
     7.000     0.000     0.000     0.000     0.000     0.000     1.291
     7.000     0.050     0.050     0.050     0.000     0.000     1.302
     7.000     0.070     0.070     0.070     0.000     0.000     1.313
     7.000     0.089     0.089     0.089     0.000     0.000     1.325
     7.000     0.109     0.109     0.109     0.000     0.000     1.336
     7.000     0.128     0.128     0.128     0.000     0.000     1.347
     7.000     0.148     0.148     0.148     0.000     0.000     1.359
     7.000     0.167     0.167     0.167     0.000     0.000     1.370
     7.000     0.187     0.187     0.187     0.000     0.200     1.482
     7.000     0.207     0.207     0.207     0.000     0.318     1.595
     7.000     0.226     0.226     0.226     0.000     0.436     1.707
     7.000     0.246     0.246     0.246     0.000     0.555     1.819
     7.000     0.265     0.265     0.265     0.000     0.673     1.931
     7.000     0.285     0.285     0.285     0.000     0.791     2.044
     7.000     0.304     0.304     0.304     0.000     0.909     2.156
     7.000     0.324     0.324     0.324     0.000     1.027     2.268
     7.000     0.343     0.343     0.343     0.000     1.145     2.380
     7.000     0.363     0.363     0.363     0.000     1.264     2.493
     7.000     0.383     0.383     0.383     0.000     1.382     2.605
     7.000     0.402     0.402     0.402     0.000     1.500     2.717
     7.000     0.422     0.422     0.422     0.000     1.625     2.829
     7.000     0.441     0.441     0.441     0.000     1.750     2.942
     7.000     0.461     0.461     0.461     0.000     1.875     3.054
     7.000     0.480     0.480     0.480     0.000     2.000     3.166
     7.000     0.500     0.500     0.500     0.000     2.125     3.278
     7.000     0.627     0.627     0.627     0.000     2.250     3.391
     7.000     0.754     0.754     0.754     0.000     2.375     3.503
     7.000     0.881     0.881     0.881     0.000     2.500     3.615
     7.000     1.008     1.008     1.008     0.000     2.625     3.727
     7.000     1.135     1.135     1.135     0.000     2.750     3.840
     7.000     1.262     1.262     1.262     0.000     2.875     3.952
     7.000     1.389     1.389     1.389     0.000     3.000     4.064
     7.000     1.516     1.516     1.516     0.000     3.125     4.176
     7.000     1.643     1.643     1.643     0.000     3.250     4.289
     7.000     1.770     1.770     1.770     0.000     3.375     4.401
     7.000     1.897     1.897     1.897     0.000     3.500     4.513
     7.000     2.024     2.024     2.024     0.000     3.625     4.625
     7.000     2.151     2.151     2.151     0.000     3.750     4.738
     7.000     2.278     2.278     2.278     0.000     3.875     4.850
     7.000     2.405     2.405     2.405     0.000     4.000     4.860
     6.746     2.532     2.532     2.532     0.000     3.986     4.870
     6.491     2.659     2.659     2.659     0.000     3.973     4.880
     6.237     2.786     2.786     2.786     0.000     3.959     4.890
     5.982     2.914     2.914     2.914     0.000     3.946     4.900
     5.728     3.041     3.041     3.041     0.000     3.932     4.910
     5.473     3.168     3.168     3.168     0.000     3.919     4.920
     5.219     3.295     3.295     3.295     0.000     3.905     4.930
     4.965     3.422     3.422     3.422     0.000     3.892     4.940
     4.710     3.549     3.549     3.549     0.000     3.878     4.950
     4.456     3.676     3.676     3.676     0.000     3.865     4.960
     4.201     3.803     3.803     3.803     0.000     3.851     4.970
     3.947     3.930     3.930     3.930     0.000     3.838     4.980
     3.693     4.057     4.057     4.057     0.000     3.824     4.990
     3.438     4.184     4.184     4.184     0.000     3.811     5.000
     3.184     4.311     4.311     4.311     0.000     3.797     4.993
     2.929     4.438     4.438     4.438     0.000     3.784     4.985
     2.675     4.565     4.565     4.565     0.000     3.770     4.978
     2.420     4.692     4.692     4.692     0.000     3.757     4.970
     2.166     4.819     4.819     4.819     0.000     3.743     4.963
     1.912     4.946     4.946     4.946     0.000     3.730     4.956
     1.657     5.073     5.073     5.073     0.000     3.716     4.948
     1.403     5.200     5.200     5.200     0.000     3.703     4.941
     1.148     5.188     5.188     5.188     0.000     3.689     4.933
     0.894     5.177     5.177     5.177     0.000     3.676     4.926
     0.639     5.165     5.165     5.165     0.000     3.662     4.918
     0.385     5.153     5.153     5.153     0.000     3.649     4.911
     0.000     5.142     5.142     5.142     0.000     3.635     4.904
     0.000     5.130     5.130     5.130     0.000     3.622     4.896
     0.000     5.119     5.119     5.119     0.000     3.608     4.889
     0.000     5.107     5.107     5.107     0.000     3.595     4.881
     0.000     5.095     5.095     5.095     0.000     3.581     4.874
     0.000     5.084     5.084     5.084     0.000     3.568     4.867
     0.000     5.072     5.072     5.072     0.000     3.554     4.859
     0.000     5.060     5.060     5.060     0.000     3.541     4.852
     0.000     5.049     5.049     5.049     0.000     3.527     4.844
     0.000     5.037     5.037     5.037     0.000     3.514     4.837
     0.000     5.026     5.026     5.026     0.000     3.500     4.830
     0.000     5.014     5.014     5.014     0.000     3.357     4.822
     0.000     5.002     5.002     5.002     0.000     3.214     4.815
     0.000     4.991     4.991     4.991     0.000     3.071     4.807
     0.000     4.979     4.979     4.979     0.000     2.929     4.800
     0.000     4.967     4.967     4.967     0.000     2.786     4.792
     0.000     4.956     4.956     4.956     0.000     2.643     4.785
     0.000     4.944     4.944     4.944     0.000     2.500     4.778
     0.000     4.933     4.933     4.933     0.000     2.357     4.770
     0.000     4.921     4.921     4.921     0.000     2.214     4.763
     0.000     4.909     4.909     4.909     0.000     2.071     4.755
     0.000     4.898     4.898     4.898     0.000     1.929     4.748
     0.000     4.886     4.886     4.886     0.000     1.786     4.741
     0.000     4.874     4.874     4.874     0.000     1.643     4.733
     0.000     4.863     4.863     4.863     0.000     1.500     4.726
     0.000     4.851     4.851     4.851     0.000     0.000     4.718
     0.000     4.840     4.840     4.840     0.000     0.000     4.711
     0.000     4.828     4.828     4.828     0.000     0.000     4.704
     0.000     4.816     4.816     4.816     0.000     0.000     4.696
     0.000     4.805     4.805     4.805     0.000     0.000     4.689
     0.000     4.793     4.793     4.793     0.000     0.000     4.681
     0.000     4.781     4.781     4.781     0.100     0.000     4.674
     0.000     4.770     4.770     4.770     0.150     0.000     4.666
     0.000     4.758     4.758     4.758     0.200     0.000     4.659
     0.000     4.747     4.747     4.747     0.250     0.000     4.652
     0.000     4.735     4.735     4.735     0.300     0.000     4.644
     0.000     4.723     4.723     4.723     0.350     0.000     4.637
     0.000     4.712     4.712     4.712     0.400     0.000     4.629
     0.000     4.700     4.700     4.700     0.450     0.000     4.622
     0.000     4.647     4.647     4.647     0.500     0.000     4.615
     0.000     4.595     4.595     4.595     0.630     0.000     4.607
     0.000     4.542     4.542     4.542     0.759     0.000     4.600
     0.000     4.489     4.489     4.489     0.889     0.000     4.592
     0.000     4.437     4.437     4.437     1.019     0.000     4.585
     0.000     4.384     4.384     4.384     1.148     0.000     4.578
     0.000     4.332     4.332     4.332     1.278     0.000     4.570
     0.000     4.279     4.279     4.279     1.407     0.000     4.563
     0.000     4.226     4.226     4.226     1.537     0.000     4.555
     0.000     4.174     4.174     4.174     1.667     0.000     4.548
     0.000     4.121     4.121     4.121     1.796     0.000     4.540
     0.000     4.068     4.068     4.068     1.926     0.000     4.533
     0.000     4.016     4.016     4.016     2.056     0.000     4.526
     0.000     3.963     3.963     3.963     2.185     0.000     4.518
     0.000     3.911     3.911     3.911     2.315     0.000     4.511
     0.000     3.858     3.858     3.858     2.444     0.000     4.503
     0.000     3.805     3.805     3.805     2.574     0.000     4.496
     0.000     3.753     3.753     3.753     2.704     0.000     4.489
     0.000     3.700     3.700     3.700     2.833     0.000     4.481
     0.000     0.000     0.000     0.000     2.963     0.000     4.474
     0.000     0.000     0.000     0.000     3.093     0.000     4.466
     0.000     0.000     0.000     0.000     3.222     0.000     4.459
     0.000     0.000     0.000     0.000     3.352     0.000     4.452
     0.000     0.000     0.000     0.000     3.481     0.000     4.444
     0.000     0.000     0.000     0.000     3.611     0.000     4.437
     0.000     0.000     0.000     0.000     3.741     0.000     4.429
     0.000     0.000     0.000     0.000     3.870     0.000     4.422
     0.000     0.000     0.000     0.000     4.000     0.000     4.414
     0.000     0.000     0.000     0.000     4.013     0.000     4.407
     0.000     0.000     0.000     0.000     4.025     0.000     4.400
     0.000     0.000     0.000     0.000     4.038     0.000     4.392
     0.000     0.000     0.000     0.000     4.051     0.000     4.385
     0.000     0.000     0.000     0.000     4.063     0.000     4.377
     0.000     0.000     0.000     0.000     4.076     0.000     4.370
     0.000     0.000     0.000     0.000     4.089     0.000     3.280
     0.000     0.000     0.000     0.000     4.101     0.000     2.190
     0.000     0.000     0.000     0.000     4.114     0.000     1.100
     0.000     0.000     0.000     0.000     4.127     0.000     0.000
     0.000     0.000     0.000     0.000     4.139     0.000     0.000
     0.000     0.000     0.000     0.000     4.152     0.000     0.000
     0.000     0.000     0.000     0.000     4.165     0.000     0.000
     0.000     0.000     0.000     0.000     4.177     0.000     0.000
     0.000     0.000     0.000     0.000     4.190     0.000     0.000
     0.000     0.000     0.000     0.000     4.203     0.000     0.000
     0.000     0.000     0.000     0.000     4.215     0.000     0.000
     0.000     0.000     0.000     0.000     4.228     0.000     0.000
     0.000     0.000     0.000     0.000     4.241     0.000     0.000
     0.000     0.000     0.000     0.000     4.253     0.000     0.000
     0.000     0.000     0.000     0.000     4.266     0.000     0.000
     0.000     0.000     0.000     0.000     4.278     0.000     0.000
     0.000     0.000     0.000     0.000     4.291     0.000     0.000
     0.000     0.000     0.000     0.000     4.304     0.000     0.000
     0.000     0.000     0.000     0.000     4.316     0.000     0.000
     0.000     0.000     0.000     0.000     4.329     0.000     0.000
     0.000     0.000     0.000     0.000     4.342     0.000     0.000
     0.000     0.000     0.000     0.000     4.354     0.000     0.000
     0.000     0.000     0.000     0.000     4.367     0.000     0.000
     0.000     0.000     0.000     0.000     4.380     0.000     0.000
     0.000     0.000     0.000     0.000     4.392     0.000     0.000
     0.000     0.000     0.000     0.000     4.405     0.000     0.000
     0.000     0.000     0.000     0.000     4.418     0.000     0.000
     0.000     0.000     0.000     0.000     4.430     0.000     0.000
     0.000     0.000     0.000     0.000     4.443     0.000     0.000
     0.000     0.000     0.000     0.000     4.456     0.000     0.000
     0.000     0.000     0.000     0.000     4.468     0.000     0.000
     0.000     0.000     0.000     0.000     4.481     0.000     0.000
     0.000     0.000     0.000     0.000     4.494     0.000     0.000
     0.000     0.000     0.000     0.000     4.506     0.000     0.000
     0.000     0.000     0.000     0.000     4.519     0.000     0.000
     0.000     0.000     0.000     0.000     4.532     0.000     0.000
     0.000     0.000     0.000     0.000     4.544     0.000     0.000
     0.000     0.000     0.000     0.000     4.557     0.000     0.000
     0.000     0.000     0.000     0.000     4.570     0.000     0.000
     0.000     0.000     0.000     0.000     4.582     0.000     0.000
     0.000     0.000     0.000     0.000     4.595     0.000     0.000
     0.000     0.000     0.000     0.000     4.608     0.000     0.000
     0.000     0.000     0.000     0.000     4.620     0.000     0.000
     0.000     0.000     0.000     0.000     4.633     0.000     0.000
     0.000     0.000     0.000     0.000     4.646     0.000     0.000
     0.000     0.000     0.000     0.000     4.658     0.000     0.000
     0.000     0.000     0.000     0.000     4.671     0.000     0.000
     0.000     0.000     0.000     0.000     4.684     0.000     0.000
     0.000     0.000     0.000     0.000     4.696     0.000     0.000
     0.000     0.000     0.000     0.000     4.709     0.000     0.000
     0.000     0.000     0.000     0.000     4.722     0.000     0.000
     0.000     0.000     0.000     0.000     4.734     0.000     0.000
     0.000     0.000     0.000     0.000     4.747     0.000     0.000
     0.000     0.000     0.000     0.031     4.760     0.000     0.000
     0.025     0.000     0.025     0.062     4.772     0.000     0.000
     0.050     0.000     0.050     0.079     4.785     0.000     0.000
     0.050     0.000     0.050     0.096     4.798     0.000     0.000
     0.050     0.000     0.050     0.113     4.810     0.000     0.000
     0.050     0.000     0.050     0.130     4.823     0.000     0.000
     0.050     0.000     0.050     0.147     0.000     0.000     0.000
     0.050     0.000     0.050     0.163     0.000     0.000     0.000
     0.050     0.000     0.050     0.180     0.000     0.000     0.000
     0.050     0.000     0.050     0.197     0.000     0.000     0.000
     0.050     0.000     0.050     0.214     0.000     0.000     0.000
     0.050     0.000     0.050     0.231     0.000     0.000     0.000
     0.050     0.000     0.050     0.248     0.000     0.000     0.000
     0.050     0.000     0.050     0.264     0.000     0.000     0.000
     0.050     0.000     0.050     0.281     0.000     0.000     0.000
     0.050     0.000     0.050     0.298     0.000     0.000     0.000
     0.050     0.000     0.050     0.315     0.000     0.000     0.000
     0.050     0.000     0.050     0.332     0.000     0.000     0.000
     0.050     0.000     0.050     0.349     0.000     0.000     0.000
     0.050     0.000     0.050     0.365     0.000     0.000     0.000
     0.050     0.000     0.050     0.382     0.000     0.000     0.000
     0.050     0.000     0.050     0.399     0.000     0.000     0.000
     0.104     0.000     0.104     0.416     0.000     0.000     0.000
     0.158     0.000     0.158     0.433     0.000     0.000     0.000
     0.212     0.000     0.212     0.450     0.000     0.000     0.000
     0.266     0.000     0.266     0.466     0.000     0.000     0.000
     0.319     0.000     0.319     0.483     0.000     0.000     0.000
     0.373     0.000     0.373     0.500     0.000     0.000     0.000
     0.427     0.000     0.427     0.507     0.000     0.000     0.000
     0.481     0.000     0.481     0.514     0.000     0.000     0.000
     0.535     0.000     0.535     0.521     0.000     0.000     0.000
     0.589     0.000     0.589     0.528     0.000     0.000     0.000
     0.643     0.000     0.643     0.535     0.000     0.000     0.000
     0.697     0.000     0.697     0.543     0.000     0.000     0.000
     0.750     0.000     0.750     0.550     0.000     0.000     0.000
     0.804     0.000     0.804     0.557     0.000     0.000     0.000
     0.858     0.000     0.858     0.564     0.000     0.000     0.000
     0.912     0.000     0.912     0.571     0.000     0.000     0.000
     0.966     0.000     0.966     0.578     0.000     0.000     0.000
     1.020     0.000     1.020     0.585     0.000     0.000     0.000
     1.074     0.000     1.074     0.592     0.000     0.000     0.000
     1.128     0.000     1.128     0.599     0.000     0.000     0.000
     1.181     0.000     1.181     0.606     0.000     0.000     0.000
     1.235     0.000     1.235     0.614     0.000     0.000     0.000
     1.289     0.000     1.289     0.621     0.000     0.000     0.000
     1.343     0.000     1.343     0.628     0.000     0.000     0.000
     1.397     0.000     1.397     0.635     0.000     0.000     0.000
     1.451     0.000     1.451     0.642     0.000     0.000     0.000
     1.505     0.000     1.505     0.649     0.000     0.000     0.000
     1.559     0.000     1.559     0.656     0.000     0.000     0.000
     1.612     0.000     1.612     0.663     0.000     0.000     0.000
     1.666     0.000     1.666     0.670     0.000     0.000     0.000
     1.720     0.000     1.720     0.677     0.000     0.000     0.000
     1.774     0.000     1.774     0.685     0.000     0.000     0.000
     1.828     0.000     1.828     0.692     0.000     0.000     0.000
     1.882     0.000     1.882     0.699     0.000     0.000     0.000
     1.936     0.000     1.936     0.706     0.000     0.000     0.000
     1.990     0.000     1.990     0.713     0.000     0.000     0.000
     2.043     0.000     2.043     0.720     0.000     0.000     0.000
     2.097     0.000     2.097     0.727     0.000     0.000     0.000
     2.151     0.000     2.151     0.734     0.000     0.000     0.000
     2.205     0.000     2.205     0.741     0.000     0.000     0.000
     2.259     0.000     2.259     0.748     0.000     0.000     0.000
     2.313     0.000     2.313     0.755     0.000     0.000     0.000
     2.367     0.000     2.367     0.763     0.000     0.000     0.000
     2.421     0.000     2.421     0.770     0.000     0.000     0.000
     2.474     0.000     2.474     0.777     0.000     0.000     0.000
     2.528     0.000     2.528     0.784     0.000     0.000     0.000
     2.582     0.000     2.582     0.791     0.000     0.000     0.000
     2.636     0.000     2.636     0.798     0.000     0.000     0.000
     2.690     0.000     2.690     0.805     0.000     0.000     0.000
