 CrID_1 CrID_2 CrID_3 CrID_4 CrID_5 CrID_6 CrID_7
     0.500     0.000     0.500     0.343     0.000     0.000     0.000
     0.500     0.000     0.500     0.344     0.000     0.000     0.000
     0.500     0.000     0.500     0.345     0.000     0.000     0.000
     0.500     0.000     0.500     0.346     0.000     0.000     0.000
     0.500     0.000     0.500     0.347     0.000     0.000     0.000
     0.500     0.000     0.500     0.348     0.000     0.000     0.000
     0.500     0.000     0.500     0.349     0.000     0.000     0.000
     0.500     0.000     0.500     0.350     0.000     0.000     0.000
     0.500     0.000     0.500     0.351     0.000     0.000     0.000
     0.500     0.000     0.500     0.351     0.000     0.000     0.000
     0.500     0.000     0.500     0.352     0.000     0.000     0.000
     0.500     0.000     0.500     0.353     0.000     0.000     0.000
     0.500     0.000     0.500     0.354     0.000     0.000     0.000
     0.500     0.000     0.500     0.355     0.000     0.000     0.000
     0.500     0.000     0.500     0.356     0.000     0.000     0.000
     0.500     0.000     0.500     0.357     0.000     0.000     0.000
     0.500     0.000     0.500     0.358     0.000     0.000     0.000
     0.500     0.000     0.500     0.359     0.000     0.000     0.000
     0.500     0.000     0.500     0.359     0.000     0.000     0.000
     0.500     0.000     0.500     0.360     0.000     0.000     0.000
     0.500     0.000     0.500     0.361     0.000     0.000     0.000
     0.500     0.000     0.500     0.362     0.000     0.000     0.000
     0.500     0.000     0.500     0.363     0.000     0.000     0.000
     0.500     0.000     0.500     0.364     0.000     0.000     0.000
     0.500     0.000     0.500     0.365     0.000     0.000     0.000
     0.500     0.000     0.500     0.366     0.000     0.000     0.000
     0.500     0.000     0.500     0.367     0.000     0.000     0.000
     0.500     0.000     0.500     0.367     0.000     0.000     0.000
     0.509     0.000     0.509     0.368     0.000     0.000     0.000
     0.517     0.000     0.517     0.369     0.000     0.000     0.000
     0.526     0.000     0.526     0.370     0.000     0.000     0.000
     0.534     0.000     0.534     0.371     0.000     0.000     0.000
     0.543     0.000     0.543     0.372     0.000     0.000     0.000
     0.552     0.000     0.552     0.373     0.000     0.000     0.000
     0.560     0.000     0.560     0.374     0.000     0.000     0.000
     0.569     0.000     0.569     0.375     0.000     0.000     0.000
     0.578     0.000     0.578     0.375     0.000     0.000     0.000
     0.586     0.000     0.586     0.376     0.000     0.000     0.000
     0.595     0.000     0.595     0.377     0.000     0.000     0.000
     0.603     0.000     0.603     0.378     0.000     0.000     0.000
     0.612     0.000     0.612     0.379     0.000     0.000     0.000
     0.621     0.000     0.621     0.380     0.000     0.000     0.000
     0.629     0.000     0.629     0.381     0.000     0.000     0.000
     0.638     0.000     0.638     0.382     0.000     0.000     0.000
     0.647     0.000     0.647     0.383     0.000     0.000     0.000
     0.655     0.000     0.655     0.383     0.000     0.000     0.000
     0.664     0.000     0.664     0.384     0.000     0.000     0.000
     0.672     0.000     0.672     0.385     0.000     0.000     0.000
     0.681     0.000     0.681     0.386     0.000     0.000     0.000
     0.690     0.000     0.690     0.387     0.000     0.000     0.000
     0.698     0.000     0.698     0.388     0.000     0.000     0.000
     0.707     0.000     0.707     0.389     0.000     0.000     0.000
     0.716     0.000     0.716     0.390     0.000     0.000     0.000
     0.724     0.000     0.724     0.391     0.000     0.000     0.000
     0.733     0.000     0.733     0.391     0.000     0.000     0.000
     0.741     0.000     0.741     0.392     0.000     0.000     0.000
     0.750     0.000     0.750     0.393     0.000     0.000     0.000
     0.759     0.000     0.759     0.394     0.000     0.000     0.000
     0.767     0.000     0.767     0.395     0.000     0.000     0.000
     0.776     0.000     0.776     0.396     0.000     0.000     0.000
     0.784     0.000     0.784     0.000     0.000     0.000     0.000
     0.793     0.000     0.793     0.000     0.000     0.000     0.000
     0.802     0.000     0.802     0.000     0.000     0.000     0.000
     0.810     0.000     0.810     0.000     0.000     0.000     0.000
     0.819     0.000     0.819     0.000     0.000     0.000     0.000
     0.828     0.000     0.828     0.000     0.000     0.000     0.000
     0.836     0.000     0.836     0.000     0.000     0.000     0.000
     0.845     0.000     0.845     0.000     0.000     0.000     0.000
     0.853     0.000     0.853     0.000     0.000     0.000     0.000
     0.862     0.000     0.862     0.000     0.000     0.000     0.000
     0.871     0.000     0.871     0.000     0.000     0.000     0.000
     0.879     0.000     0.879     0.000     0.000     0.000     0.000
     0.888     0.000     0.888     0.000     0.000     0.000     0.000
     0.897     0.000     0.897     0.000     0.000     0.000     0.000
     0.905     0.000     0.905     0.000     0.000     0.000     0.000
     0.914     0.000     0.914     0.000     0.000     0.000     0.000
     0.922     0.000     0.922     0.000     0.000     0.000     0.000
     0.931     0.000     0.931     0.000     0.000     0.000     0.000
     0.940     0.000     0.940     0.000     0.000     0.000     0.000
     0.948     0.000     0.948     0.000     0.000     0.000     0.750
     0.957     0.000     0.957     0.000     0.000     0.000     0.750
     0.966     0.000     0.966     0.000     0.000     0.000     0.750
     0.974     0.000     0.974     0.000     0.000     0.000     0.750
     0.983     0.000     0.000     0.000     0.000     0.000     0.750
     0.991     0.000     0.000     0.000     0.000     0.000     0.750
     1.000     0.000     0.000     0.000     0.000     0.000     0.750
     1.000     0.000     0.000     0.000     0.000     0.000     0.750
     1.000     0.000     0.000     0.000     0.000     0.000     0.750
     1.000     0.000     0.000     0.000     0.000     0.000     0.750
     1.000     0.000     0.000     0.000     0.000     0.000     0.750
     1.000     0.300     0.300     0.300     0.000     0.000     0.750
     1.000     0.300     0.300     0.300     0.000     0.000     0.750
     1.000     0.300     0.300     0.300     0.000     0.000     0.750
     1.000     0.300     0.300     0.300     0.000     0.000     0.750
     1.000     0.300     0.300     0.300     0.000     0.000     0.750
     1.000     0.300     0.300     0.300     0.000     0.000     0.750
     1.000     0.300     0.300     0.300     0.000     0.000     0.750
     1.000     0.300     0.300     0.300     0.000     0.000     0.750
     1.000     0.300     0.300     0.300     0.000     0.000     0.750
     1.000     0.300     0.300     0.300     0.000     0.000     0.750
     1.000     0.300     0.300     0.300     0.000     0.000     0.750
     1.000     0.300     0.300     0.300     0.000     0.000     0.750
     1.000     0.300     0.300     0.300     0.000     0.000     0.750
     1.000     0.300     0.300     0.300     0.000     0.000     0.750
     1.000     0.307     0.307     0.307     0.000     0.000     0.750
     1.000     0.314     0.314     0.314     0.000     0.000     0.750
     1.000     0.321     0.321     0.321     0.000     0.000     0.750
     1.000     0.329     0.329     0.329     0.000     0.000     0.750
     1.000     0.336     0.336     0.336     0.000     0.000     0.750
     1.000     0.343     0.343     0.343     0.000     0.300     0.750
     1.000     0.350     0.350     0.350     0.000     0.300     0.750
     1.000     0.357     0.357     0.357     0.000     0.336     0.750
     1.000     0.364     0.364     0.364     0.000     0.373     0.750
     1.000     0.371     0.371     0.371     0.000     0.409     0.750
     1.000     0.379     0.379     0.379     0.000     0.445     0.750
     1.000     0.386     0.386     0.386     0.000     0.482     0.750
     1.000     0.393     0.393     0.393     0.000     0.518     0.750
     1.000     0.400     0.400     0.400     0.000     0.555     0.750
     1.000     0.407     0.407     0.407     0.000     0.591     0.750
     1.000     0.414     0.414     0.414     0.000     0.627     0.750
     1.000     0.421     0.421     0.421     0.000     0.664     0.750
     1.000     0.429     0.429     0.429     0.000     0.700     0.750
     1.000     0.436     0.436     0.436     0.000     0.710     0.750
     1.000     0.443     0.443     0.443     0.000     0.721     0.750
     1.000     0.450     0.450     0.450     0.000     0.731     0.750
     1.000     0.457     0.457     0.457     0.000     0.741     0.750
     1.000     0.464     0.464     0.464     0.000     0.752     0.750
     1.000     0.471     0.471     0.471     0.000     0.762     0.750
     1.000     0.479     0.479     0.479     0.000     0.772     0.750
     1.000     0.486     0.486     0.486     0.000     0.783     0.750
     1.000     0.493     0.493     0.493     0.000     0.793     0.750
     1.000     0.500     0.500     0.500     0.000     0.803     0.750
     1.000     0.508     0.508     0.508     0.000     0.814     0.750
     1.000     0.516     0.516     0.516     0.000     0.824     0.750
     1.000     0.524     0.524     0.524     0.000     0.834     0.750
     1.000     0.533     0.533     0.533     0.000     0.845     0.750
     1.000     0.541     0.541     0.541     0.000     0.855     0.750
     1.000     0.549     0.549     0.549     0.000     0.866     0.750
     1.000     0.557     0.557     0.557     0.000     0.876     0.750
     1.000     0.565     0.565     0.565     0.000     0.886     0.750
     1.000     0.573     0.573     0.573     0.000     0.897     0.750
     1.000     0.581     0.581     0.581     0.000     0.907     0.750
     1.000     0.590     0.590     0.590     0.000     0.917     0.750
     1.000     0.598     0.598     0.598     0.000     0.928     0.750
     1.000     0.606     0.606     0.606     0.000     0.938     0.750
     1.000     0.614     0.614     0.614     0.000     0.948     0.750
     1.000     0.622     0.622     0.622     0.000     0.959     0.750
     1.000     0.630     0.630     0.630     0.000     0.969     0.750
     1.000     0.638     0.638     0.638     0.000     0.979     0.750
     1.000     0.647     0.647     0.647     0.000     0.990     0.750
     1.000     0.655     0.655     0.655     0.000     1.000     0.750
     1.000     0.663     0.663     0.663     0.000     1.000     0.750
     1.000     0.671     0.671     0.671     0.000     1.000     0.750
     1.000     0.679     0.679     0.679     0.000     1.000     0.750
     1.000     0.687     0.687     0.687     0.000     1.000     0.750
     1.000     0.695     0.695     0.695     0.000     1.000     0.750
     1.000     0.703     0.703     0.703     0.000     1.000     0.750
     1.000     0.712     0.712     0.712     0.000     1.000     0.750
     1.000     0.720     0.720     0.720     0.000     1.000     0.750
     1.000     0.728     0.728     0.728     0.000     1.000     0.750
     1.000     0.736     0.736     0.736     0.000     1.000     0.750
     1.000     0.744     0.744     0.744     0.000     1.000     0.750
     1.000     0.752     0.752     0.752     0.000     1.000     0.750
     1.000     0.760     0.760     0.760     0.000     1.000     0.750
     1.000     0.769     0.769     0.769     0.000     1.000     0.750
     1.000     0.777     0.777     0.777     0.000     1.000     0.750
     1.000     0.785     0.785     0.785     0.000     1.000     0.750
     1.000     0.793     0.793     0.793     0.000     1.000     0.750
     1.000     0.801     0.801     0.801     0.000     1.000     0.750
     1.000     0.809     0.809     0.809     0.000     1.000     0.750
     1.000     0.817     0.817     0.817     0.000     1.000     0.750
     1.000     0.826     0.826     0.826     0.000     1.000     0.750
     1.000     0.834     0.834     0.834     0.000     1.000     0.750
     1.000     0.842     0.842     0.842     0.000     1.000     0.750
     0.000     0.850     0.850     0.850     0.000     1.000     0.750
     0.000     0.850     0.850     0.850     0.000     1.000     0.750
     0.000     0.850     0.850     0.850     0.000     1.000     0.750
     0.000     0.850     0.850     0.850     0.000     1.000     0.750
     0.000     0.850     0.850     0.850     0.000     1.000     0.750
     0.000     0.850     0.850     0.850     0.000     1.000     0.750
     0.000     0.850     0.850     0.850     0.000     1.000     0.750
     0.000     0.850     0.850     0.850     0.000     1.000     0.750
     0.000     0.850     0.850     0.850     0.000     1.000     0.750
     0.000     0.850     0.850     0.850     0.000     1.000     0.750
     0.000     0.850     0.850     0.850     0.000     1.000     0.750
     0.000     0.850     0.850     0.850     0.000     1.000     0.750
     0.000     0.850     0.850     0.850     0.000     1.000     0.750
     0.000     0.850     0.850     0.850     0.000     1.000     0.750
     0.000     0.850     0.850     0.850     0.000     1.000     0.750
     0.000     0.850     0.850     0.850     0.000     1.000     0.750
     0.000     0.850     0.850     0.850     0.000     1.000     0.750
     0.000     0.850     0.850     0.850     0.000     1.000     0.750
     0.000     0.850     0.850     0.850     0.000     1.000     0.750
     0.000     0.850     0.850     0.850     0.000     1.000     0.750
     0.000     0.850     0.850     0.850     0.000     1.000     0.750
     0.000     0.850     0.850     0.850     0.300     1.000     0.750
     0.000     0.850     0.850     0.850     0.300     1.000     0.750
     0.000     0.850     0.850     0.850     0.300     1.000     0.750
     0.000     0.850     0.850     0.850     0.300     1.000     0.750
     0.000     0.850     0.850     0.850     0.300     1.000     0.750
     0.000     0.850     0.850     0.850     0.300     1.000     0.750
     0.000     0.850     0.850     0.850     0.500     1.000     0.750
     0.000     0.850     0.850     0.850     0.500     1.000     0.750
     0.000     0.850     0.850     0.850     0.500     0.000     0.750
     0.000     0.850     0.850     0.850     0.500     0.000     0.750
     0.000     0.850     0.850     0.850     0.500     0.000     0.750
     0.000     0.850     0.850     0.850     0.500     0.000     0.750
     0.000     0.850     0.850     0.850     0.500     0.000     0.750
     0.000     0.850     0.850     0.850     0.500     0.000     0.750
     0.000     0.850     0.850     0.850     0.500     0.000     0.750
     0.000     0.850     0.850     0.850     0.500     0.000     0.750
     0.000     0.850     0.850     0.850     0.516     0.000     0.750
     0.000     0.850     0.850     0.850     0.532     0.000     0.750
     0.000     0.850     0.850     0.850     0.548     0.000     0.750
     0.000     0.850     0.850     0.850     0.565     0.000     0.750
     0.000     0.850     0.850     0.850     0.581     0.000     0.750
     0.000     0.850     0.850     0.850     0.597     0.000     0.750
     0.000     0.850     0.850     0.850     0.613     0.000     0.750
     0.000     0.850     0.850     0.850     0.629     0.000     0.750
     0.000     0.850     0.850     0.850     0.645     0.000     0.750
     0.000     0.850     0.850     0.850     0.661     0.000     0.750
     0.000     0.850     0.850     0.850     0.677     0.000     0.750
     0.000     0.850     0.850     0.850     0.694     0.000     0.750
     0.000     0.850     0.850     0.850     0.710     0.000     0.750
     0.000     0.850     0.850     0.850     0.726     0.000     0.750
     0.000     0.850     0.850     0.850     0.742     0.000     0.750
     0.000     0.850     0.850     0.850     0.758     0.000     0.750
     0.000     0.850     0.850     0.850     0.774     0.000     0.750
     0.000     0.850     0.850     0.850     0.790     0.000     0.750
     0.000     0.850     0.850     0.850     0.806     0.000     0.750
     0.000     0.850     0.850     0.850     0.823     0.000     0.750
     0.000     0.850     0.850     0.850     0.839     0.000     0.750
     0.000     0.850     0.850     0.850     0.855     0.000     0.750
     0.000     0.850     0.850     0.850     0.871     0.000     0.750
     0.000     0.850     0.850     0.850     0.887     0.000     0.750
     0.000     0.850     0.850     0.850     0.903     0.000     0.750
     0.000     0.850     0.850     0.850     0.919     0.000     0.750
     0.000     0.850     0.850     0.850     0.935     0.000     0.750
     0.000     0.850     0.850     0.850     0.952     0.000     0.750
     0.000     0.850     0.850     0.850     0.968     0.000     0.750
     0.000     0.850     0.850     0.850     0.984     0.000     0.750
     0.000     0.850     0.850     0.850     1.000     0.000     0.750
     0.000     0.850     0.850     0.850     1.000     0.000     0.750
     0.000     0.850     0.850     0.850     1.000     0.000     0.750
     0.000     0.850     0.850     0.850     1.000     0.000     0.750
     0.000     0.850     0.850     0.850     1.000     0.000     0.750
     0.000     0.850     0.850     0.850     1.000     0.000     0.750
     0.000     0.850     0.850     0.850     1.000     0.000     0.750
     0.000     0.000     0.000     0.000     1.000     0.000     0.750
     0.000     0.000     0.000     0.000     1.000     0.000     0.750
     0.000     0.000     0.000     0.000     1.000     0.000     0.000
     0.000     0.000     0.000     0.000     1.000     0.000     0.000
     0.000     0.000     0.000     0.000     1.000     0.000     0.000
     0.000     0.000     0.000     0.000     1.000     0.000     0.000
     0.000     0.000     0.000     0.000     1.000     0.000     0.000
     0.000     0.000     0.000     0.000     1.000     0.000     0.000
     0.000     0.000     0.000     0.000     1.000     0.000     0.000
     0.000     0.000     0.000     0.000     1.000     0.000     0.000
     0.000     0.000     0.000     0.000     1.000     0.000     0.000
     0.000     0.000     0.000     0.000     1.000     0.000     0.000
     0.000     0.000     0.000     0.000     1.000     0.000     0.000
     0.000     0.000     0.000     0.000     1.000     0.000     0.000
     0.000     0.000     0.000     0.000     1.000     0.000     0.000
     0.000     0.000     0.000     0.000     1.000     0.000     0.000
     0.000     0.000     0.000     0.000     1.000     0.000     0.000
     0.000     0.000     0.000     0.000     1.000     0.000     0.000
     0.000     0.000     0.000     0.000     1.000     0.000     0.000
     0.000     0.000     0.000     0.000     1.000     0.000     0.000
     0.000     0.000     0.000     0.000     1.000     0.000     0.000
     0.000     0.000     0.000     0.000     1.000     0.000     0.000
     0.000     0.000     0.000     0.000     1.000     0.000     0.000
     0.000     0.000     0.000     0.000     1.000     0.000     0.000
     0.000     0.000     0.000     0.000     1.000     0.000     0.000
     0.000     0.000     0.000     0.000     1.000     0.000     0.000
     0.000     0.000     0.000     0.000     1.000     0.000     0.000
     0.000     0.000     0.000     0.000     1.000     0.000     0.000
     0.000     0.000     0.000     0.000     1.000     0.000     0.000
     0.000     0.000     0.000     0.000     1.000     0.000     0.000
     0.000     0.000     0.000     0.000     1.000     0.000     0.000
     0.000     0.000     0.000     0.000     1.000     0.000     0.000
     0.000     0.000     0.000     0.000     1.000     0.000     0.000
     0.000     0.000     0.000     0.000     1.000     0.000     0.000
     0.000     0.000     0.000     0.000     1.000     0.000     0.000
     0.000     0.000     0.000     0.000     1.000     0.000     0.000
     0.000     0.000     0.000     0.000     1.000     0.000     0.000
     0.000     0.000     0.000     0.000     1.000     0.000     0.000
     0.000     0.000     0.000     0.000     1.000     0.000     0.000
     0.300     0.000     0.300     0.000     1.000     0.000     0.000
     0.300     0.000     0.300     0.000     1.000     0.000     0.000
     0.300     0.000     0.300     0.000     1.000     0.000     0.000
     0.300     0.000     0.300     0.000     1.000     0.000     0.000
     0.300     0.000     0.300     0.000     1.000     0.000     0.000
     0.300     0.000     0.300     0.000     1.000     0.000     0.000
     0.300     0.000     0.300     0.000     1.000     0.000     0.000
     0.300     0.000     0.300     0.000     1.000     0.000     0.000
     0.300     0.000     0.300     0.000     1.000     0.000     0.000
     0.300     0.000     0.300     0.000     1.000     0.000     0.000
     0.300     0.000     0.300     0.000     1.000     0.000     0.000
     0.300     0.000     0.300     0.000     1.000     0.000     0.000
     0.400     0.000     0.400     0.000     1.000     0.000     0.000
     0.500     0.000     0.500     0.000     0.000     0.000     0.000
     0.500     0.000     0.500     0.000     0.000     0.000     0.000
     0.500     0.000     0.500     0.000     0.000     0.000     0.000
     0.500     0.000     0.500     0.000     0.000     0.000     0.000
     0.500     0.000     0.500     0.000     0.000     0.000     0.000
     0.500     0.000     0.500     0.000     0.000     0.000     0.000
     0.500     0.000     0.500     0.000     0.000     0.000     0.000
     0.500     0.000     0.500     0.000     0.000     0.000     0.000
     0.500     0.000     0.500     0.000     0.000     0.000     0.000
     0.500     0.000     0.500     0.033     0.000     0.000     0.000
     0.500     0.000     0.500     0.067     0.000     0.000     0.000
     0.500     0.000     0.500     0.100     0.000     0.000     0.000
     0.500     0.000     0.500     0.133     0.000     0.000     0.000
     0.500     0.000     0.500     0.167     0.000     0.000     0.000
     0.500     0.000     0.500     0.200     0.000     0.000     0.000
     0.500     0.000     0.500     0.233     0.000     0.000     0.000
     0.500     0.000     0.500     0.267     0.000     0.000     0.000
     0.500     0.000     0.500     0.300     0.000     0.000     0.000
     0.500     0.000     0.500     0.301     0.000     0.000     0.000
     0.500     0.000     0.500     0.302     0.000     0.000     0.000
     0.500     0.000     0.500     0.303     0.000     0.000     0.000
     0.500     0.000     0.500     0.304     0.000     0.000     0.000
     0.500     0.000     0.500     0.305     0.000     0.000     0.000
     0.500     0.000     0.500     0.306     0.000     0.000     0.000
     0.500     0.000     0.500     0.307     0.000     0.000     0.000
     0.500     0.000     0.500     0.308     0.000     0.000     0.000
     0.500     0.000     0.500     0.309     0.000     0.000     0.000
     0.500     0.000     0.500     0.310     0.000     0.000     0.000
     0.500     0.000     0.500     0.311     0.000     0.000     0.000
     0.500     0.000     0.500     0.312     0.000     0.000     0.000
     0.500     0.000     0.500     0.313     0.000     0.000     0.000
     0.500     0.000     0.500     0.314     0.000     0.000     0.000
     0.500     0.000     0.500     0.315     0.000     0.000     0.000
     0.500     0.000     0.500     0.316     0.000     0.000     0.000
     0.500     0.000     0.500     0.317     0.000     0.000     0.000
     0.500     0.000     0.500     0.318     0.000     0.000     0.000
     0.500     0.000     0.500     0.319     0.000     0.000     0.000
     0.500     0.000     0.500     0.320     0.000     0.000     0.000
     0.500     0.000     0.500     0.321     0.000     0.000     0.000
     0.500     0.000     0.500     0.322     0.000     0.000     0.000
     0.500     0.000     0.500     0.323     0.000     0.000     0.000
     0.500     0.000     0.500     0.324     0.000     0.000     0.000
     0.500     0.000     0.500     0.325     0.000     0.000     0.000
     0.500     0.000     0.500     0.326     0.000     0.000     0.000
     0.500     0.000     0.500     0.327     0.000     0.000     0.000
     0.500     0.000     0.500     0.328     0.000     0.000     0.000
     0.500     0.000     0.500     0.329     0.000     0.000     0.000
     0.500     0.000     0.500     0.330     0.000     0.000     0.000
     0.500     0.000     0.500     0.331     0.000     0.000     0.000
     0.500     0.000     0.500     0.332     0.000     0.000     0.000
     0.500     0.000     0.500     0.333     0.000     0.000     0.000
     0.500     0.000     0.500     0.334     0.000     0.000     0.000
     0.500     0.000     0.500     0.335     0.000     0.000     0.000
     0.500     0.000     0.500     0.336     0.000     0.000     0.000
     0.500     0.000     0.500     0.337     0.000     0.000     0.000
     0.500     0.000     0.500     0.338     0.000     0.000     0.000
     0.500     0.000     0.500     0.340     0.000     0.000     0.000
     0.500     0.000     0.500     0.341     0.000     0.000     0.000
     0.500     0.000     0.500     0.342     0.000     0.000     0.000
     0.500     0.000     0.500     0.343     0.000     0.000     0.000
     0.500     0.000     0.500     0.344     0.000     0.000     0.000
     0.500     0.000     0.500     0.345     0.000     0.000     0.000
     0.500     0.000     0.500     0.346     0.000     0.000     0.000
     0.500     0.000     0.500     0.347     0.000     0.000     0.000
     0.500     0.000     0.500     0.348     0.000     0.000     0.000
     0.500     0.000     0.500     0.349     0.000     0.000     0.000
     0.500     0.000     0.500     0.350     0.000     0.000     0.000
     0.500     0.000     0.500     0.351     0.000     0.000     0.000
     0.500     0.000     0.500     0.352     0.000     0.000     0.000
     0.500     0.000     0.500     0.353     0.000     0.000     0.000
     0.500     0.000     0.500     0.354     0.000     0.000     0.000
     0.500     0.000     0.500     0.355     0.000     0.000     0.000
     0.500     0.000     0.500     0.356     0.000     0.000     0.000
     0.500     0.000     0.500     0.357     0.000     0.000     0.000
     0.500     0.000     0.500     0.358     0.000     0.000     0.000
     0.500     0.000     0.500     0.359     0.000     0.000     0.000
     0.500     0.000     0.500     0.360     0.000     0.000     0.000
     0.500     0.000     0.500     0.361     0.000     0.000     0.000
     0.500     0.000     0.500     0.362     0.000     0.000     0.000
     0.500     0.000     0.500     0.363     0.000     0.000     0.000
     0.500     0.000     0.500     0.364     0.000     0.000     0.000
     0.500     0.000     0.500     0.365     0.000     0.000     0.000
     0.500     0.000     0.500     0.366     0.000     0.000     0.000
     0.500     0.000     0.500     0.367     0.000     0.000     0.000
     0.500     0.000     0.500     0.368     0.000     0.000     0.000
     0.500     0.000     0.500     0.369     0.000     0.000     0.000
     0.500     0.000     0.500     0.370     0.000     0.000     0.000
     0.500     0.000     0.500     0.371     0.000     0.000     0.000
     0.500     0.000     0.500     0.372     0.000     0.000     0.000
     0.500     0.000     0.500     0.373     0.000     0.000     0.000
     0.500     0.000     0.500     0.374     0.000     0.000     0.000
     0.500     0.000     0.500     0.375     0.000     0.000     0.000
     0.508     0.000     0.508     0.376     0.000     0.000     0.000
     0.517     0.000     0.517     0.377     0.000     0.000     0.000
     0.525     0.000     0.525     0.378     0.000     0.000     0.000
     0.533     0.000     0.533     0.379     0.000     0.000     0.000
     0.542     0.000     0.542     0.380     0.000     0.000     0.000
     0.550     0.000     0.550     0.381     0.000     0.000     0.000
     0.558     0.000     0.558     0.382     0.000     0.000     0.000
     0.567     0.000     0.567     0.383     0.000     0.000     0.000
     0.575     0.000     0.575     0.384     0.000     0.000     0.000
     0.583     0.000     0.583     0.385     0.000     0.000     0.000
     0.592     0.000     0.592     0.386     0.000     0.000     0.000
     0.600     0.000     0.600     0.387     0.000     0.000     0.000
     0.608     0.000     0.608     0.388     0.000     0.000     0.000
     0.617     0.000     0.617     0.389     0.000     0.000     0.000
     0.625     0.000     0.625     0.390     0.000     0.000     0.000
     0.633     0.000     0.633     0.391     0.000     0.000     0.000
     0.642     0.000     0.642     0.392     0.000     0.000     0.000
     0.650     0.000     0.650     0.393     0.000     0.000     0.000
     0.658     0.000     0.658     0.394     0.000     0.000     0.000
     0.667     0.000     0.667     0.395     0.000     0.000     0.000
     0.675     0.000     0.675     0.396     0.000     0.000     0.000
     0.683     0.000     0.683     0.397     0.000     0.000     0.000
     0.692     0.000     0.692     0.398     0.000     0.000     0.000
     0.700     0.000     0.700     0.399     0.000     0.000     0.000
     0.708     0.000     0.708     0.400     0.000     0.000     0.000
     0.717     0.000     0.717     0.401     0.000     0.000     0.000
     0.725     0.000     0.725     0.402     0.000     0.000     0.000
     0.733     0.000     0.733     0.403     0.000     0.000     0.000
     0.742     0.000     0.742     0.404     0.000     0.000     0.000
     0.750     0.000     0.750     0.405     0.000     0.000     0.000
     0.758     0.000     0.758     0.406     0.000     0.000     0.000
     0.767     0.000     0.767     0.407     0.000     0.000     0.000
     0.775     0.000     0.775     0.408     0.000     0.000     0.000
     0.783     0.000     0.783     0.000     0.000     0.000     0.000
     0.792     0.000     0.792     0.000     0.000     0.000     0.000
     0.800     0.000     0.800     0.000     0.000     0.000     0.000
     0.808     0.000     0.808     0.000     0.000     0.000     0.000
     0.817     0.000     0.817     0.000     0.000     0.000     0.000
     0.825     0.000     0.825     0.000     0.000     0.000     0.000
     0.833     0.000     0.833     0.000     0.000     0.000     0.000
     0.842     0.000     0.842     0.000     0.000     0.000     0.000
     0.850     0.000     0.850     0.000     0.000     0.000     0.000
     0.858     0.000     0.858     0.000     0.000     0.000     0.000
     0.867     0.000     0.867     0.000     0.000     0.000     0.000
     0.875     0.000     0.875     0.000     0.000     0.000     0.000
     0.883     0.000     0.883     0.000     0.000     0.000     0.000
     0.892     0.000     0.892     0.000     0.000     0.000     0.000
     0.900     0.000     0.900     0.000     0.000     0.000     0.000
     0.908     0.000     0.908     0.000     0.000     0.000     0.000
     0.917     0.000     0.917     0.000     0.000     0.000     0.000
     0.925     0.000     0.925     0.000     0.000     0.000     0.000
     0.933     0.000     0.933     0.000     0.000     0.000     0.750
     0.942     0.000     0.942     0.000     0.000     0.000     0.750
     0.950     0.000     0.950     0.000     0.000     0.000     0.750
     0.958     0.000     0.958     0.000     0.000     0.000     0.750
     0.967     0.000     0.967     0.000     0.000     0.000     0.750
     0.975     0.000     0.000     0.000     0.000     0.000     0.750
     0.983     0.000     0.000     0.000     0.000     0.000     0.750
     0.992     0.000     0.000     0.000     0.000     0.000     0.750
     1.000     0.000     0.000     0.000     0.000     0.000     0.750
     1.000     0.000     0.000     0.000     0.000     0.000     0.750
     1.000     0.000     0.000     0.000     0.000     0.000     0.750
     1.000     0.000     0.000     0.000     0.000     0.000     0.750
     1.000     0.300     0.300     0.300     0.000     0.000     0.750
     1.000     0.300     0.300     0.300     0.000     0.000     0.750
     1.000     0.300     0.300     0.300     0.000     0.000     0.750
     1.000     0.300     0.300     0.300     0.000     0.000     0.750
     1.000     0.300     0.300     0.300     0.000     0.000     0.750
     1.000     0.300     0.300     0.300     0.000     0.000     0.750
     1.000     0.300     0.300     0.300     0.000     0.000     0.750
     1.000     0.300     0.300     0.300     0.000     0.000     0.750
     1.000     0.300     0.300     0.300     0.000     0.000     0.750
     1.000     0.300     0.300     0.300     0.000     0.000     0.750
     1.000     0.300     0.300     0.300     0.000     0.000     0.750
     1.000     0.300     0.300     0.300     0.000     0.000     0.750
     1.000     0.300     0.300     0.300     0.000     0.000     0.750
     1.000     0.300     0.300     0.300     0.000     0.000     0.750
     1.000     0.309     0.309     0.309     0.000     0.000     0.750
     1.000     0.317     0.317     0.317     0.000     0.000     0.750
     1.000     0.326     0.326     0.326     0.000     0.000     0.750
     1.000     0.335     0.335     0.335     0.000     0.000     0.750
     1.000     0.343     0.343     0.343     0.000     0.000     0.750
     1.000     0.352     0.352     0.352     0.000     0.300     0.750
     1.000     0.361     0.361     0.361     0.000     0.300     0.750
     1.000     0.370     0.370     0.370     0.000     0.336     0.750
     1.000     0.378     0.378     0.378     0.000     0.373     0.750
     1.000     0.387     0.387     0.387     0.000     0.409     0.750
     1.000     0.396     0.396     0.396     0.000     0.445     0.750
     1.000     0.404     0.404     0.404     0.000     0.482     0.750
     1.000     0.413     0.413     0.413     0.000     0.518     0.750
     1.000     0.422     0.422     0.422     0.000     0.555     0.750
     1.000     0.430     0.430     0.430     0.000     0.591     0.750
     1.000     0.439     0.439     0.439     0.000     0.627     0.750
     1.000     0.448     0.448     0.448     0.000     0.664     0.750
     1.000     0.457     0.457     0.457     0.000     0.700     0.750
     1.000     0.465     0.465     0.465     0.000     0.715     0.750
     1.000     0.474     0.474     0.474     0.000     0.730     0.750
     1.000     0.483     0.483     0.483     0.000     0.745     0.750
     1.000     0.491     0.491     0.491     0.000     0.760     0.750
     1.000     0.500     0.500     0.500     0.000     0.775     0.750
     1.000     0.509     0.509     0.509     0.000     0.790     0.750
     1.000     0.519     0.519     0.519     0.000     0.805     0.750
     1.000     0.528     0.528     0.528     0.000     0.820     0.750
     1.000     0.538     0.538     0.538     0.000     0.835     0.750
     1.000     0.547     0.547     0.547     0.000     0.850     0.750
     1.000     0.557     0.557     0.557     0.000     0.865     0.750
     1.000     0.566     0.566     0.566     0.000     0.880     0.750
     1.000     0.576     0.576     0.576     0.000     0.895     0.750
     1.000     0.585     0.585     0.585     0.000     0.910     0.750
     1.000     0.595     0.595     0.595     0.000     0.925     0.750
     1.000     0.604     0.604     0.604     0.000     0.940     0.750
     1.000     0.614     0.614     0.614     0.000     0.955     0.750
     1.000     0.623     0.623     0.623     0.000     0.970     0.750
     1.000     0.632     0.632     0.632     0.000     0.985     0.750
     1.000     0.642     0.642     0.642     0.000     1.000     0.750
     1.000     0.651     0.651     0.651     0.000     1.000     0.750
     1.000     0.661     0.661     0.661     0.000     1.000     0.750
     1.000     0.670     0.670     0.670     0.000     1.000     0.750
     1.000     0.680     0.680     0.680     0.000     1.000     0.750
     1.000     0.689     0.689     0.689     0.000     1.000     0.750
     1.000     0.699     0.699     0.699     0.000     1.000     0.750
     1.000     0.708     0.708     0.708     0.000     1.000     0.750
     1.000     0.718     0.718     0.718     0.000     1.000     0.750
     1.000     0.727     0.727     0.727     0.000     1.000     0.750
     1.000     0.736     0.736     0.736     0.000     1.000     0.750
     1.000     0.746     0.746     0.746     0.000     1.000     0.750
     1.000     0.755     0.755     0.755     0.000     1.000     0.750
     1.000     0.765     0.765     0.765     0.000     1.000     0.750
     1.000     0.774     0.774     0.774     0.000     1.000     0.750
     1.000     0.784     0.784     0.784     0.000     1.000     0.750
     1.000     0.793     0.793     0.793     0.000     1.000     0.750
     1.000     0.803     0.803     0.803     0.000     1.000     0.750
     1.000     0.812     0.812     0.812     0.000     1.000     0.750
     1.000     0.822     0.822     0.822     0.000     1.000     0.750
     1.000     0.831     0.831     0.831     0.000     1.000     0.750
     1.000     0.841     0.841     0.841     0.000     1.000     0.750
     1.000     0.850     0.850     0.850     0.000     1.000     0.750
     1.000     0.850     0.850     0.850     0.000     1.000     0.750
     1.000     0.850     0.850     0.850     0.000     1.000     0.750
     1.000     0.850     0.850     0.850     0.000     1.000     0.750
     1.000     0.850     0.850     0.850     0.000     1.000     0.750
     0.000     0.850     0.850     0.850     0.000     1.000     0.750
     0.000     0.850     0.850     0.850     0.000     1.000     0.750
     0.000     0.850     0.850     0.850     0.000     1.000     0.750
     0.000     0.850     0.850     0.850     0.000     1.000     0.750
     0.000     0.850     0.850     0.850     0.000     1.000     0.750
     0.000     0.850     0.850     0.850     0.000     1.000     0.750
     0.000     0.850     0.850     0.850     0.000     1.000     0.750
     0.000     0.850     0.850     0.850     0.000     1.000     0.750
     0.000     0.850     0.850     0.850     0.000     1.000     0.750
     0.000     0.850     0.850     0.850     0.000     1.000     0.750
     0.000     0.850     0.850     0.850     0.000     1.000     0.750
     0.000     0.850     0.850     0.850     0.000     1.000     0.750
     0.000     0.850     0.850     0.850     0.000     1.000     0.750
     0.000     0.850     0.850     0.850     0.000     1.000     0.750
     0.000     0.850     0.850     0.850     0.000     1.000     0.750
     0.000     0.850     0.850     0.850     0.000     1.000     0.750
     0.000     0.850     0.850     0.850     0.000     1.000     0.750
     0.000     0.850     0.850     0.850     0.000     1.000     0.750
     0.000     0.850     0.850     0.850     0.000     1.000     0.750
     0.000     0.850     0.850     0.850     0.000     1.000     0.750
     0.000     0.850     0.850     0.850     0.000     1.000     0.750
     0.000     0.850     0.850     0.850     0.000     1.000     0.750
     0.000     0.850     0.850     0.850     0.000     1.000     0.750
     0.000     0.850     0.850     0.850     0.000     1.000     0.750
     0.000     0.850     0.850     0.850     0.000     1.000     0.750
     0.000     0.850     0.850     0.850     0.000     0.000     0.750
     0.000     0.850     0.850     0.850     0.000     0.000     0.750
     0.000     0.850     0.850     0.850     0.300     0.000     0.750
     0.000     0.850     0.850     0.850     0.300     0.000     0.750
     0.000     0.850     0.850     0.850     0.300     0.000     0.750
     0.000     0.850     0.850     0.850     0.300     0.000     0.750
     0.000     0.850     0.850     0.850     0.500     0.000     0.750
     0.000     0.850     0.850     0.850     0.500     0.000     0.750
     0.000     0.850     0.850     0.850     0.500     0.000     0.750
     0.000     0.850     0.850     0.850     0.500     0.000     0.750
     0.000     0.850     0.850     0.850     0.500     0.000     0.750
     0.000     0.850     0.850     0.850     0.500     0.000     0.750
     0.000     0.850     0.850     0.850     0.500     0.000     0.750
     0.000     0.850     0.850     0.850     0.500     0.000     0.750
     0.000     0.850     0.850     0.850     0.500     0.000     0.750
     0.000     0.850     0.850     0.850     0.519     0.000     0.750
     0.000     0.850     0.850     0.850     0.537     0.000     0.750
     0.000     0.850     0.850     0.850     0.556     0.000     0.750
     0.000     0.850     0.850     0.850     0.574     0.000     0.750
     0.000     0.850     0.850     0.850     0.593     0.000     0.750
     0.000     0.850     0.850     0.850     0.611     0.000     0.750
     0.000     0.850     0.850     0.850     0.630     0.000     0.750
     0.000     0.850     0.850     0.850     0.648     0.000     0.750
     0.000     0.850     0.850     0.850     0.667     0.000     0.750
     0.000     0.850     0.850     0.850     0.685     0.000     0.750
     0.000     0.850     0.850     0.850     0.704     0.000     0.750
     0.000     0.850     0.850     0.850     0.722     0.000     0.750
     0.000     0.850     0.850     0.850     0.741     0.000     0.750
     0.000     0.850     0.850     0.850     0.759     0.000     0.750
     0.000     0.850     0.850     0.850     0.778     0.000     0.750
     0.000     0.850     0.850     0.850     0.796     0.000     0.750
     0.000     0.850     0.850     0.850     0.815     0.000     0.750
     0.000     0.850     0.850     0.850     0.833     0.000     0.750
     0.000     0.000     0.000     0.000     0.852     0.000     0.750
     0.000     0.000     0.000     0.000     0.870     0.000     0.750
     0.000     0.000     0.000     0.000     0.889     0.000     0.750
     0.000     0.000     0.000     0.000     0.907     0.000     0.750
     0.000     0.000     0.000     0.000     0.926     0.000     0.750
     0.000     0.000     0.000     0.000     0.944     0.000     0.750
     0.000     0.000     0.000     0.000     0.963     0.000     0.750
     0.000     0.000     0.000     0.000     0.981     0.000     0.750
     0.000     0.000     0.000     0.000     1.000     0.000     0.750
     0.000     0.000     0.000     0.000     1.000     0.000     0.750
     0.000     0.000     0.000     0.000     1.000     0.000     0.750
     0.000     0.000     0.000     0.000     1.000     0.000     0.750
     0.000     0.000     0.000     0.000     1.000     0.000     0.750
     0.000     0.000     0.000     0.000     1.000     0.000     0.750
     0.000     0.000     0.000     0.000     1.000     0.000     0.750
     0.000     0.000     0.000     0.000     1.000     0.000     0.750
     0.000     0.000     0.000     0.000     1.000     0.000     0.750
     0.000     0.000     0.000     0.000     1.000     0.000     0.750
     0.000     0.000     0.000     0.000     1.000     0.000     0.000
     0.000     0.000     0.000     0.000     1.000     0.000     0.000
     0.000     0.000     0.000     0.000     1.000     0.000     0.000
     0.000     0.000     0.000     0.000     1.000     0.000     0.000
     0.000     0.000     0.000     0.000     1.000     0.000     0.000
     0.000     0.000     0.000     0.000     1.000     0.000     0.000
     0.000     0.000     0.000     0.000     1.000     0.000     0.000
     0.000     0.000     0.000     0.000     1.000     0.000     0.000
     0.000     0.000     0.000     0.000     1.000     0.000     0.000
     0.000     0.000     0.000     0.000     1.000     0.000     0.000
     0.000     0.000     0.000     0.000     1.000     0.000     0.000
     0.000     0.000     0.000     0.000     1.000     0.000     0.000
     0.000     0.000     0.000     0.000     1.000     0.000     0.000
     0.000     0.000     0.000     0.000     1.000     0.000     0.000
     0.000     0.000     0.000     0.000     1.000     0.000     0.000
     0.000     0.000     0.000     0.000     1.000     0.000     0.000
     0.000     0.000     0.000     0.000     1.000     0.000     0.000
     0.000     0.000     0.000     0.000     1.000     0.000     0.000
     0.000     0.000     0.000     0.000     1.000     0.000     0.000
     0.000     0.000     0.000     0.000     1.000     0.000     0.000
     0.000     0.000     0.000     0.000     1.000     0.000     0.000
     0.000     0.000     0.000     0.000     1.000     0.000     0.000
     0.000     0.000     0.000     0.000     1.000     0.000     0.000
     0.000     0.000     0.000     0.000     1.000     0.000     0.000
     0.000     0.000     0.000     0.000     1.000     0.000     0.000
     0.000     0.000     0.000     0.000     1.000     0.000     0.000
     0.000     0.000     0.000     0.000     1.000     0.000     0.000
     0.000     0.000     0.000     0.000     1.000     0.000     0.000
     0.000     0.000     0.000     0.000     1.000     0.000     0.000
     0.000     0.000     0.000     0.000     1.000     0.000     0.000
     0.000     0.000     0.000     0.000     1.000     0.000     0.000
     0.000     0.000     0.000     0.000     1.000     0.000     0.000
     0.000     0.000     0.000     0.000     1.000     0.000     0.000
     0.000     0.000     0.000     0.000     1.000     0.000     0.000
     0.000     0.000     0.000     0.000     1.000     0.000     0.000
     0.000     0.000     0.000     0.000     1.000     0.000     0.000
     0.000     0.000     0.000     0.000     1.000     0.000     0.000
     0.000     0.000     0.000     0.000     1.000     0.000     0.000
     0.000     0.000     0.000     0.000     1.000     0.000     0.000
     0.000     0.000     0.000     0.000     1.000     0.000     0.000
     0.000     0.000     0.000     0.000     1.000     0.000     0.000
     0.000     0.000     0.000     0.000     1.000     0.000     0.000
     0.000     0.000     0.000     0.000     1.000     0.000     0.000
     0.300     0.000     0.300     0.000     1.000     0.000     0.000
     0.300     0.000     0.300     0.000     1.000     0.000     0.000
     0.300     0.000     0.300     0.000     1.000     0.000     0.000
     0.300     0.000     0.300     0.000     1.000     0.000     0.000
     0.300     0.000     0.300     0.000     1.000     0.000     0.000
     0.300     0.000     0.300     0.000     1.000     0.000     0.000
     0.300     0.000     0.300     0.000     1.000     0.000     0.000
     0.300     0.000     0.300     0.150     1.000     0.000     0.000
     0.400     0.000     0.400     0.300     1.000     0.000     0.000
     0.500     0.000     0.500     0.308     1.000     0.000     0.000
     0.500     0.000     0.500     0.315     1.000     0.000     0.000
     0.500     0.000     0.500     0.323     1.000     0.000     0.000
     0.500     0.000     0.500     0.331     1.000     0.000     0.000
     0.500     0.000     0.500     0.338     0.000     0.000     0.000
     0.500     0.000     0.500     0.346     0.000     0.000     0.000
     0.500     0.000     0.500     0.354     0.000     0.000     0.000
     0.500     0.000     0.500     0.362     0.000     0.000     0.000
     0.500     0.000     0.500     0.369     0.000     0.000     0.000
     0.500     0.000     0.500     0.377     0.000     0.000     0.000
     0.500     0.000     0.500     0.385     0.000     0.000     0.000
     0.500     0.000     0.500     0.392     0.000     0.000     0.000
     0.500     0.000     0.500     0.400     0.000     0.000     0.000
     0.500     0.000     0.500     0.408     0.000     0.000     0.000
     0.500     0.000     0.500     0.415     0.000     0.000     0.000
     0.500     0.000     0.500     0.423     0.000     0.000     0.000
     0.500     0.000     0.500     0.431     0.000     0.000     0.000
     0.500     0.000     0.500     0.438     0.000     0.000     0.000
     0.500     0.000     0.500     0.446     0.000     0.000     0.000
     0.500     0.000     0.500     0.454     0.000     0.000     0.000
     0.504     0.000     0.504     0.462     0.000     0.000     0.000
     0.508     0.000     0.508     0.469     0.000     0.000     0.000
     0.512     0.000     0.512     0.477     0.000     0.000     0.000
     0.516     0.000     0.516     0.485     0.000     0.000     0.000
     0.519     0.000     0.519     0.492     0.000     0.000     0.000
     0.523     0.000     0.523     0.500     0.000     0.000     0.000
     0.527     0.000     0.527     0.501     0.000     0.000     0.000
     0.531     0.000     0.531     0.501     0.000     0.000     0.000
     0.535     0.000     0.535     0.502     0.000     0.000     0.000
     0.539     0.000     0.539     0.502     0.000     0.000     0.000
     0.543     0.000     0.543     0.503     0.000     0.000     0.000
     0.547     0.000     0.547     0.504     0.000     0.000     0.000
     0.550     0.000     0.550     0.504     0.000     0.000     0.000
     0.554     0.000     0.554     0.505     0.000     0.000     0.000
     0.558     0.000     0.558     0.506     0.000     0.000     0.000
     0.562     0.000     0.562     0.506     0.000     0.000     0.000
     0.566     0.000     0.566     0.507     0.000     0.000     0.000
     0.570     0.000     0.570     0.507     0.000     0.000     0.000
     0.574     0.000     0.574     0.508     0.000     0.000     0.000
     0.578     0.000     0.578     0.509     0.000     0.000     0.000
     0.581     0.000     0.581     0.509     0.000     0.000     0.000
     0.585     0.000     0.585     0.510     0.000     0.000     0.000
     0.589     0.000     0.589     0.511     0.000     0.000     0.000
     0.593     0.000     0.593     0.511     0.000     0.000     0.000
     0.597     0.000     0.597     0.512     0.000     0.000     0.000
     0.601     0.000     0.601     0.512     0.000     0.000     0.000
     0.605     0.000     0.605     0.513     0.000     0.000     0.000
     0.609     0.000     0.609     0.514     0.000     0.000     0.000
     0.612     0.000     0.612     0.514     0.000     0.000     0.000
     0.616     0.000     0.616     0.515     0.000     0.000     0.000
     0.620     0.000     0.620     0.516     0.000     0.000     0.000
     0.624     0.000     0.624     0.516     0.000     0.000     0.000
     0.628     0.000     0.628     0.517     0.000     0.000     0.000
     0.632     0.000     0.632     0.517     0.000     0.000     0.000
     0.636     0.000     0.636     0.518     0.000     0.000     0.000
     0.640     0.000     0.640     0.519     0.000     0.000     0.000
     0.643     0.000     0.643     0.519     0.000     0.000     0.000
     0.647     0.000     0.647     0.520     0.000     0.000     0.000
     0.651     0.000     0.651     0.520     0.000     0.000     0.000
     0.655     0.000     0.655     0.521     0.000     0.000     0.000
     0.659     0.000     0.659     0.522     0.000     0.000     0.000
     0.663     0.000     0.663     0.522     0.000     0.000     0.000
     0.667     0.000     0.667     0.523     0.000     0.000     0.000
     0.671     0.000     0.671     0.524     0.000     0.000     0.000
     0.674     0.000     0.674     0.524     0.000     0.000     0.000
     0.678     0.000     0.678     0.525     0.000     0.000     0.000
     0.682     0.000     0.682     0.525     0.000     0.000     0.000
     0.686     0.000     0.686     0.526     0.000     0.000     0.000
     0.690     0.000     0.690     0.527     0.000     0.000     0.000
