 CrID_1 CrID_2 CrID_3 CrID_4 CrID_5 CrID_6 CrID_7
     0.100     0.000     0.100     0.100     0.000     0.000     0.000
     0.100     0.000     0.100     0.100     0.000     0.000     0.000
     0.100     0.000     0.100     0.100     0.000     0.000     0.000
     0.100     0.000     0.100     0.100     0.000     0.000     0.000
     0.100     0.000     0.100     0.100     0.000     0.000     0.000
     0.100     0.000     0.100     0.100     0.000     0.000     0.000
     0.100     0.000     0.100     0.100     0.000     0.000     0.000
     0.100     0.000     0.100     0.100     0.000     0.000     0.000
     0.100     0.000     0.100     0.100     0.000     0.000     0.000
     0.100     0.000     0.100     0.100     0.000     0.000     0.000
     0.100     0.000     0.100     0.100     0.000     0.000     0.000
     0.100     0.000     0.100     0.100     0.000     0.000     0.000
     0.100     0.000     0.100     0.100     0.000     0.000     0.000
     0.100     0.000     0.100     0.100     0.000     0.000     0.000
     0.100     0.000     0.100     0.100     0.000     0.000     0.000
     0.100     0.000     0.100     0.100     0.000     0.000     0.000
     0.100     0.000     0.100     0.100     0.000     0.000     0.000
     0.100     0.000     0.100     0.100     0.000     0.000     0.000
     0.100     0.000     0.100     0.100     0.000     0.000     0.000
     0.100     0.000     0.100     0.100     0.000     0.000     0.000
     0.100     0.000     0.100     0.100     0.000     0.000     0.000
     0.100     0.000     0.100     0.100     0.000     0.000     0.000
     0.100     0.000     0.100     0.100     0.000     0.000     0.000
     0.100     0.000     0.100     0.100     0.000     0.000     0.000
     0.100     0.000     0.100     0.100     0.000     0.000     0.000
     0.100     0.000     0.100     0.100     0.000     0.000     0.000
     0.100     0.000     0.100     0.100     0.000     0.000     0.000
     0.100     0.000     0.100     0.100     0.000     0.000     0.000
     0.100     0.000     0.100     0.100     0.000     0.000     0.000
     0.100     0.000     0.100     0.100     0.000     0.000     0.000
     0.100     0.000     0.100     0.100     0.000     0.000     0.000
     0.100     0.000     0.100     0.100     0.000     0.000     0.000
     0.100     0.000     0.100     0.100     0.000     0.000     0.000
     0.100     0.000     0.100     0.100     0.000     0.000     0.000
     0.100     0.000     0.100     0.100     0.000     0.000     0.000
     0.109     0.000     0.109     0.100     0.000     0.000     0.000
     0.119     0.000     0.119     0.100     0.000     0.000     0.000
     0.128     0.000     0.128     0.100     0.000     0.000     0.000
     0.137     0.000     0.137     0.100     0.000     0.000     0.000
     0.146     0.000     0.146     0.100     0.000     0.000     0.000
     0.156     0.000     0.156     0.100     0.000     0.000     0.000
     0.165     0.000     0.165     0.100     0.000     0.000     0.000
     0.174     0.000     0.174     0.100     0.000     0.000     0.000
     0.183     0.000     0.183     0.100     0.000     0.000     0.000
     0.193     0.000     0.193     0.100     0.000     0.000     0.000
     0.202     0.000     0.202     0.100     0.000     0.000     0.000
     0.211     0.000     0.211     0.100     0.000     0.000     0.000
     0.220     0.000     0.220     0.100     0.000     0.000     0.000
     0.230     0.000     0.230     0.100     0.000     0.000     0.000
     0.239     0.000     0.239     0.100     0.000     0.000     0.000
     0.248     0.000     0.248     0.100     0.000     0.000     0.000
     0.257     0.000     0.257     0.100     0.000     0.000     0.000
     0.267     0.000     0.267     0.100     0.000     0.000     0.000
     0.276     0.000     0.276     0.100     0.000     0.000     0.000
     0.285     0.000     0.285     0.100     0.000     0.000     0.000
     0.294     0.000     0.294     0.100     0.000     0.000     0.000
     0.304     0.000     0.304     0.100     0.000     0.000     0.000
     0.313     0.000     0.313     0.100     0.000     0.000     0.000
     0.322     0.000     0.322     0.100     0.000     0.000     0.000
     0.331     0.000     0.331     0.100     0.000     0.000     0.000
     0.341     0.000     0.341     0.000     0.000     0.000     0.000
     0.350     0.000     0.350     0.000     0.000     0.000     0.000
     0.359     0.000     0.359     0.000     0.000     0.000     0.000
     0.369     0.000     0.369     0.000     0.000     0.000     0.000
     0.378     0.000     0.378     0.000     0.000     0.000     0.000
     0.387     0.000     0.387     0.000     0.000     0.000     0.000
     0.396     0.000     0.396     0.000     0.000     0.000     0.000
     0.406     0.000     0.406     0.000     0.000     0.000     0.000
     0.415     0.000     0.415     0.000     0.000     0.000     0.000
     0.424     0.000     0.424     0.000     0.000     0.000     0.000
     0.433     0.000     0.433     0.000     0.000     0.000     0.000
     0.443     0.000     0.443     0.000     0.000     0.000     0.000
     0.452     0.000     0.452     0.000     0.000     0.000     0.000
     0.461     0.000     0.461     0.000     0.000     0.000     0.000
     0.470     0.000     0.470     0.000     0.000     0.000     0.000
     0.480     0.000     0.480     0.000     0.000     0.000     0.000
     0.489     0.000     0.489     0.000     0.000     0.000     0.000
     0.498     0.000     0.498     0.000     0.000     0.000     0.000
     0.507     0.000     0.507     0.000     0.000     0.000     0.000
     0.517     0.000     0.517     0.000     0.000     0.000     0.000
     0.526     0.000     0.526     0.000     0.000     0.000     0.000
     0.535     0.000     0.535     0.000     0.000     0.000     3.000
     0.544     0.000     0.544     0.000     0.000     0.000     3.000
     0.554     0.000     0.000     0.000     0.000     0.000     3.000
     0.563     0.000     0.000     0.000     0.000     0.000     3.000
     0.572     0.000     0.000     0.000     0.000     0.000     3.000
     0.581     0.000     0.000     0.000     0.000     0.000     3.000
     0.591     0.000     0.000     0.000     0.000     0.000     3.000
     0.600     0.000     0.000     0.000     0.000     0.000     3.000
     0.600     0.000     0.000     0.000     0.000     0.000     3.000
     0.600     0.000     0.000     0.000     0.000     0.000     3.000
     0.600     0.000     0.000     0.000     0.000     0.000     3.000
     0.600     0.000     0.000     0.000     0.000     0.000     3.000
     0.600     0.000     0.000     0.000     0.000     0.000     3.000
     0.600     0.000     0.000     0.000     0.000     0.000     3.000
     0.600     0.000     0.000     0.000     0.000     0.000     3.000
     0.600     0.000     0.000     0.000     0.000     0.000     3.000
     0.600     0.000     0.000     0.000     0.000     0.000     3.000
     0.600     0.000     0.000     0.000     0.000     0.000     3.000
     0.600     0.000     0.000     0.000     0.000     0.000     3.000
     0.600     0.007     0.007     0.007     0.000     0.000     3.000
     0.600     0.013     0.013     0.013     0.000     0.000     3.000
     0.600     0.020     0.020     0.020     0.000     0.000     3.000
     0.600     0.041     0.041     0.041     0.000     0.000     3.000
     0.600     0.063     0.063     0.063     0.000     0.000     3.000
     0.600     0.084     0.084     0.084     0.000     0.000     3.000
     0.600     0.106     0.106     0.106     0.000     0.000     3.000
     0.600     0.127     0.127     0.127     0.000     0.000     3.000
     0.600     0.149     0.149     0.149     0.000     0.000     3.000
     0.600     0.170     0.170     0.170     0.000     0.000     3.000
     0.600     0.192     0.192     0.192     0.000     0.150     3.000
     0.600     0.213     0.213     0.213     0.000     0.150     3.000
     0.600     0.235     0.235     0.235     0.000     0.150     3.000
     0.600     0.256     0.256     0.256     0.000     0.150     3.000
     0.600     0.278     0.278     0.278     0.000     0.150     3.000
     0.600     0.299     0.299     0.299     0.000     0.150     3.000
     0.600     0.321     0.321     0.321     0.000     0.150     3.000
     0.600     0.342     0.342     0.342     0.000     0.150     3.000
     0.600     0.364     0.364     0.364     0.000     0.150     3.000
     0.600     0.385     0.385     0.385     0.000     0.150     3.000
     0.600     0.407     0.407     0.407     0.000     0.150     3.000
     0.600     0.428     0.428     0.428     0.000     0.150     3.000
     0.600     0.450     0.450     0.450     0.000     0.166     3.000
     0.600     0.471     0.471     0.471     0.000     0.182     3.000
     0.600     0.493     0.493     0.493     0.000     0.198     3.000
     0.600     0.514     0.514     0.514     0.000     0.214     3.000
     0.600     0.536     0.536     0.536     0.000     0.230     3.000
     0.600     0.557     0.557     0.557     0.000     0.246     3.000
     0.600     0.579     0.579     0.579     0.000     0.262     3.000
     0.600     0.600     0.600     0.600     0.000     0.279     3.000
     0.600     0.655     0.655     0.655     0.000     0.295     3.000
     0.600     0.709     0.709     0.709     0.000     0.311     3.000
     0.600     0.764     0.764     0.764     0.000     0.327     3.000
     0.600     0.818     0.818     0.818     0.000     0.343     3.000
     0.600     0.873     0.873     0.873     0.000     0.359     3.000
     0.600     0.927     0.927     0.927     0.000     0.375     3.000
     0.600     0.982     0.982     0.982     0.000     0.391     3.000
     0.600     1.036     1.036     1.036     0.000     0.407     3.000
     0.600     1.091     1.091     1.091     0.000     0.423     3.000
     0.600     1.145     1.145     1.145     0.000     0.439     3.000
     0.600     1.200     1.200     1.200     0.000     0.455     3.000
     0.600     1.255     1.255     1.255     0.000     0.471     3.000
     0.600     1.309     1.309     1.309     0.000     0.487     3.000
     0.600     1.364     1.364     1.364     0.000     0.504     3.000
     0.600     1.418     1.418     1.418     0.000     0.520     3.000
     0.600     1.473     1.473     1.473     0.000     0.536     3.000
     0.600     1.527     1.527     1.527     0.000     0.552     3.000
     0.600     1.582     1.582     1.582     0.000     0.568     3.000
     0.600     1.636     1.636     1.636     0.000     0.584     3.000
     0.600     1.691     1.691     1.691     0.000     0.600     3.000
     0.600     1.745     1.745     1.745     0.000     0.600     3.000
     0.600     1.800     1.800     1.800     0.000     0.600     3.000
     0.600     1.855     1.855     1.855     0.000     0.600     3.000
     0.600     1.909     1.909     1.909     0.000     0.600     3.000
     0.600     1.964     1.964     1.964     0.000     0.600     3.000
     0.600     2.018     2.018     2.018     0.000     0.600     3.000
     0.600     2.073     2.073     2.073     0.000     0.600     3.000
     0.600     2.127     2.127     2.127     0.000     0.600     3.000
     0.600     2.182     2.182     2.182     0.000     0.600     3.000
     0.600     2.236     2.236     2.236     0.000     0.600     3.000
     0.600     2.291     2.291     2.291     0.000     0.600     3.000
     0.600     2.345     2.345     2.345     0.000     0.600     3.000
     0.600     2.400     2.400     2.400     0.000     0.600     3.000
     0.600     2.455     2.455     2.455     0.000     0.600     3.000
     0.600     2.509     2.509     2.509     0.000     0.600     3.000
     0.600     2.564     2.564     2.564     0.000     0.600     3.000
     0.600     2.618     2.618     2.618     0.000     0.600     3.000
     0.600     2.673     2.673     2.673     0.000     0.600     3.000
     0.600     2.727     2.727     2.727     0.000     0.600     3.000
     0.600     2.782     2.782     2.782     0.000     0.600     3.000
     0.600     2.836     2.836     2.836     0.000     0.600     3.000
     0.600     2.891     2.891     2.891     0.000     0.600     3.000
     0.600     2.945     2.945     2.945     0.000     0.600     3.000
     0.600     3.000     3.000     3.000     0.000     0.600     3.000
     0.600     3.000     3.000     3.000     0.000     0.600     3.000
     0.000     3.000     3.000     3.000     0.000     0.600     3.000
     0.000     3.000     3.000     3.000     0.000     0.600     3.000
     0.000     3.000     3.000     3.000     0.000     0.600     3.000
     0.000     3.000     3.000     3.000     0.000     0.600     3.000
     0.000     3.000     3.000     3.000     0.000     0.600     3.000
     0.000     3.000     3.000     3.000     0.000     0.600     3.000
     0.000     3.000     3.000     3.000     0.000     0.600     3.000
     0.000     3.000     3.000     3.000     0.000     0.600     3.000
     0.000     3.000     3.000     3.000     0.000     0.600     3.000
     0.000     3.000     3.000     3.000     0.000     0.600     3.000
     0.000     3.000     3.000     3.000     0.000     0.600     3.000
     0.000     3.000     3.000     3.000     0.000     0.600     3.000
     0.000     3.000     3.000     3.000     0.000     0.600     3.000
     0.000     3.000     3.000     3.000     0.000     0.600     3.000
     0.000     3.000     3.000     3.000     0.000     0.600     3.000
     0.000     3.000     3.000     3.000     0.000     0.600     3.000
     0.000     3.000     3.000     3.000     0.000     0.600     3.000
     0.000     3.000     3.000     3.000     0.000     0.600     3.000
     0.000     3.000     3.000     3.000     0.000     0.600     3.000
     0.000     3.000     3.000     3.000     0.000     0.600     3.000
     0.000     3.000     3.000     3.000     0.000     0.600     3.000
     0.000     3.000     3.000     3.000     0.000     0.600     3.000
     0.000     3.000     3.000     3.000     0.000     0.600     3.000
     0.000     3.000     3.000     3.000     0.000     0.600     3.000
     0.000     3.000     3.000     3.000     0.000     0.600     3.000
     0.000     3.000     3.000     3.000     0.000     0.600     3.000
     0.000     3.000     3.000     3.000     0.100     0.600     3.000
     0.000     3.000     3.000     3.000     0.100     0.600     3.000
     0.000     3.000     3.000     3.000     0.100     0.600     3.000
     0.000     3.000     3.000     3.000     0.100     0.000     3.000
     0.000     3.000     3.000     3.000     0.100     0.000     3.000
     0.000     3.000     3.000     3.000     0.100     0.000     3.000
     0.000     3.000     3.000     3.000     0.100     0.000     3.000
     0.000     3.000     3.000     3.000     0.100     0.000     3.000
     0.000     3.000     3.000     3.000     0.100     0.000     3.000
     0.000     3.000     3.000     3.000     0.100     0.000     3.000
     0.000     3.000     3.000     3.000     0.100     0.000     3.000
     0.000     3.000     3.000     3.000     0.121     0.000     3.000
     0.000     3.000     3.000     3.000     0.142     0.000     3.000
     0.000     3.000     3.000     3.000     0.163     0.000     3.000
     0.000     3.000     3.000     3.000     0.184     0.000     3.000
     0.000     3.000     3.000     3.000     0.205     0.000     3.000
     0.000     3.000     3.000     3.000     0.226     0.000     3.000
     0.000     3.000     3.000     3.000     0.247     0.000     3.000
     0.000     3.000     3.000     3.000     0.268     0.000     3.000
     0.000     3.000     3.000     3.000     0.289     0.000     3.000
     0.000     3.000     3.000     3.000     0.310     0.000     3.000
     0.000     3.000     3.000     3.000     0.331     0.000     3.000
     0.000     3.000     3.000     3.000     0.352     0.000     3.000
     0.000     3.000     3.000     3.000     0.373     0.000     3.000
     0.000     2.979     2.979     2.979     0.394     0.000     3.000
     0.000     2.958     2.958     2.958     0.415     0.000     3.000
     0.000     2.938     2.938     2.938     0.435     0.000     3.000
     0.000     2.917     2.917     2.917     0.456     0.000     3.000
     0.000     2.896     2.896     2.896     0.477     0.000     3.000
     0.000     2.875     2.875     2.875     0.498     0.000     3.000
     0.000     2.854     2.854     2.854     0.519     0.000     3.000
     0.000     2.833     2.833     2.833     0.540     0.000     3.000
     0.000     2.812     2.812     2.812     0.561     0.000     3.000
     0.000     2.792     2.792     2.792     0.582     0.000     3.000
     0.000     2.771     2.771     2.771     0.603     0.000     3.000
     0.000     2.750     2.750     2.750     0.624     0.000     3.000
     0.000     2.729     2.729     2.729     0.645     0.000     3.000
     0.000     2.708     2.708     2.708     0.666     0.000     3.000
     0.000     2.688     2.688     2.688     0.687     0.000     3.000
     0.000     2.667     2.667     2.667     0.708     0.000     3.000
     0.000     2.646     2.646     2.646     0.729     0.000     3.000
     0.000     2.625     2.625     2.625     0.750     0.000     3.000
     0.000     2.604     2.604     2.604     0.750     0.000     3.000
     0.000     2.583     2.583     2.583     0.750     0.000     3.000
     0.000     2.562     2.562     2.562     0.750     0.000     3.000
     0.000     2.542     2.542     2.542     0.750     0.000     3.000
     0.000     2.521     2.521     2.521     0.750     0.000     3.000
     0.000     2.500     2.500     2.500     0.750     0.000     3.000
     0.000     0.000     0.000     0.000     0.750     0.000     3.000
     0.000     0.000     0.000     0.000     0.750     0.000     0.000
     0.000     0.000     0.000     0.000     0.750     0.000     0.000
     0.000     0.000     0.000     0.000     0.750     0.000     0.000
     0.000     0.000     0.000     0.000     0.750     0.000     0.000
     0.000     0.000     0.000     0.000     0.750     0.000     0.000
     0.000     0.000     0.000     0.000     0.750     0.000     0.000
     0.000     0.000     0.000     0.000     0.750     0.000     0.000
     0.000     0.000     0.000     0.000     0.750     0.000     0.000
     0.000     0.000     0.000     0.000     0.750     0.000     0.000
     0.000     0.000     0.000     0.000     0.750     0.000     0.000
     0.000     0.000     0.000     0.000     0.750     0.000     0.000
     0.000     0.000     0.000     0.000     0.750     0.000     0.000
     0.000     0.000     0.000     0.000     0.750     0.000     0.000
     0.000     0.000     0.000     0.000     0.750     0.000     0.000
     0.000     0.000     0.000     0.000     0.750     0.000     0.000
     0.000     0.000     0.000     0.000     0.750     0.000     0.000
     0.000     0.000     0.000     0.000     0.750     0.000     0.000
     0.000     0.000     0.000     0.000     0.750     0.000     0.000
     0.000     0.000     0.000     0.000     0.750     0.000     0.000
     0.000     0.000     0.000     0.000     0.750     0.000     0.000
     0.000     0.000     0.000     0.000     0.750     0.000     0.000
     0.000     0.000     0.000     0.000     0.750     0.000     0.000
     0.000     0.000     0.000     0.000     0.750     0.000     0.000
     0.000     0.000     0.000     0.000     0.750     0.000     0.000
     0.000     0.000     0.000     0.000     0.750     0.000     0.000
     0.000     0.000     0.000     0.000     0.750     0.000     0.000
     0.000     0.000     0.000     0.000     0.750     0.000     0.000
     0.000     0.000     0.000     0.000     0.750     0.000     0.000
     0.000     0.000     0.000     0.000     0.750     0.000     0.000
     0.000     0.000     0.000     0.000     0.750     0.000     0.000
     0.000     0.000     0.000     0.000     0.750     0.000     0.000
     0.000     0.000     0.000     0.000     0.750     0.000     0.000
     0.000     0.000     0.000     0.000     0.750     0.000     0.000
     0.000     0.000     0.000     0.000     0.750     0.000     0.000
     0.000     0.000     0.000     0.000     0.750     0.000     0.000
     0.000     0.000     0.000     0.000     0.750     0.000     0.000
     0.000     0.000     0.000     0.000     0.750     0.000     0.000
     0.000     0.000     0.000     0.000     0.750     0.000     0.000
     0.000     0.000     0.000     0.000     0.750     0.000     0.000
     0.000     0.000     0.000     0.000     0.750     0.000     0.000
     0.000     0.000     0.000     0.000     0.750     0.000     0.000
     0.000     0.000     0.000     0.000     0.750     0.000     0.000
     0.000     0.000     0.000     0.000     0.750     0.000     0.000
     0.000     0.000     0.000     0.000     0.750     0.000     0.000
     0.000     0.000     0.000     0.000     0.750     0.000     0.000
     0.000     0.000     0.000     0.000     0.750     0.000     0.000
     0.000     0.000     0.000     0.000     0.750     0.000     0.000
     0.000     0.000     0.000     0.000     0.750     0.000     0.000
     0.000     0.000     0.000     0.000     0.750     0.000     0.000
     0.033     0.000     0.033     0.000     0.750     0.000     0.000
     0.067     0.000     0.067     0.000     0.000     0.000     0.000
     0.100     0.000     0.100     0.000     0.000     0.000     0.000
     0.100     0.000     0.100     0.000     0.000     0.000     0.000
     0.100     0.000     0.100     0.000     0.000     0.000     0.000
     0.100     0.000     0.100     0.000     0.000     0.000     0.000
     0.100     0.000     0.100     0.000     0.000     0.000     0.000
     0.100     0.000     0.100     0.000     0.000     0.000     0.000
     0.100     0.000     0.100     0.000     0.000     0.000     0.000
     0.100     0.000     0.100     0.000     0.000     0.000     0.000
     0.100     0.000     0.100     0.000     0.000     0.000     0.000
     0.100     0.000     0.100     0.010     0.000     0.000     0.000
     0.100     0.000     0.100     0.020     0.000     0.000     0.000
     0.100     0.000     0.100     0.030     0.000     0.000     0.000
     0.100     0.000     0.100     0.040     0.000     0.000     0.000
     0.100     0.000     0.100     0.050     0.000     0.000     0.000
     0.100     0.000     0.100     0.060     0.000     0.000     0.000
     0.100     0.000     0.100     0.070     0.000     0.000     0.000
     0.100     0.000     0.100     0.080     0.000     0.000     0.000
     0.100     0.000     0.100     0.090     0.000     0.000     0.000
     0.100     0.000     0.100     0.100     0.000     0.000     0.000
     0.100     0.000     0.100     0.100     0.000     0.000     0.000
     0.100     0.000     0.100     0.100     0.000     0.000     0.000
     0.100     0.000     0.100     0.100     0.000     0.000     0.000
     0.100     0.000     0.100     0.100     0.000     0.000     0.000
     0.100     0.000     0.100     0.100     0.000     0.000     0.000
     0.100     0.000     0.100     0.100     0.000     0.000     0.000
     0.100     0.000     0.100     0.100     0.000     0.000     0.000
     0.100     0.000     0.100     0.100     0.000     0.000     0.000
     0.100     0.000     0.100     0.100     0.000     0.000     0.000
     0.100     0.000     0.100     0.100     0.000     0.000     0.000
     0.100     0.000     0.100     0.100     0.000     0.000     0.000
     0.100     0.000     0.100     0.100     0.000     0.000     0.000
     0.100     0.000     0.100     0.100     0.000     0.000     0.000
     0.100     0.000     0.100     0.100     0.000     0.000     0.000
     0.100     0.000     0.100     0.100     0.000     0.000     0.000
     0.100     0.000     0.100     0.100     0.000     0.000     0.000
     0.100     0.000     0.100     0.100     0.000     0.000     0.000
     0.100     0.000     0.100     0.100     0.000     0.000     0.000
     0.100     0.000     0.100     0.100     0.000     0.000     0.000
     0.100     0.000     0.100     0.100     0.000     0.000     0.000
     0.100     0.000     0.100     0.100     0.000     0.000     0.000
     0.100     0.000     0.100     0.100     0.000     0.000     0.000
     0.100     0.000     0.100     0.100     0.000     0.000     0.000
     0.100     0.000     0.100     0.100     0.000     0.000     0.000
     0.100     0.000     0.100     0.100     0.000     0.000     0.000
     0.100     0.000     0.100     0.100     0.000     0.000     0.000
     0.100     0.000     0.100     0.100     0.000     0.000     0.000
     0.100     0.000     0.100     0.100     0.000     0.000     0.000
     0.100     0.000     0.100     0.100     0.000     0.000     0.000
     0.100     0.000     0.100     0.100     0.000     0.000     0.000
     0.100     0.000     0.100     0.100     0.000     0.000     0.000
     0.100     0.000     0.100     0.100     0.000     0.000     0.000
     0.100     0.000     0.100     0.100     0.000     0.000     0.000
     0.100     0.000     0.100     0.100     0.000     0.000     0.000
     0.100     0.000     0.100     0.100     0.000     0.000     0.000
     0.100     0.000     0.100     0.100     0.000     0.000     0.000
     0.100     0.000     0.100     0.100     0.000     0.000     0.000
     0.100     0.000     0.100     0.100     0.000     0.000     0.000
     0.100     0.000     0.100     0.100     0.000     0.000     0.000
     0.100     0.000     0.100     0.100     0.000     0.000     0.000
     0.100     0.000     0.100     0.100     0.000     0.000     0.000
     0.100     0.000     0.100     0.100     0.000     0.000     0.000
     0.100     0.000     0.100     0.100     0.000     0.000     0.000
     0.100     0.000     0.100     0.100     0.000     0.000     0.000
     0.100     0.000     0.100     0.100     0.000     0.000     0.000
     0.100     0.000     0.100     0.100     0.000     0.000     0.000
     0.100     0.000     0.100     0.100     0.000     0.000     0.000
     0.100     0.000     0.100     0.100     0.000     0.000     0.000
     0.100     0.000     0.100     0.100     0.000     0.000     0.000
     0.100     0.000     0.100     0.100     0.000     0.000     0.000
     0.100     0.000     0.100     0.100     0.000     0.000     0.000
     0.100     0.000     0.100     0.100     0.000     0.000     0.000
     0.100     0.000     0.100     0.100     0.000     0.000     0.000
     0.100     0.000     0.100     0.100     0.000     0.000     0.000
     0.100     0.000     0.100     0.100     0.000     0.000     0.000
     0.100     0.000     0.100     0.100     0.000     0.000     0.000
     0.100     0.000     0.100     0.100     0.000     0.000     0.000
     0.100     0.000     0.100     0.100     0.000     0.000     0.000
     0.100     0.000     0.100     0.100     0.000     0.000     0.000
     0.100     0.000     0.100     0.100     0.000     0.000     0.000
     0.100     0.000     0.100     0.100     0.000     0.000     0.000
     0.100     0.000     0.100     0.100     0.000     0.000     0.000
     0.100     0.000     0.100     0.100     0.000     0.000     0.000
     0.100     0.000     0.100     0.100     0.000     0.000     0.000
     0.100     0.000     0.100     0.100     0.000     0.000     0.000
     0.100     0.000     0.100     0.100     0.000     0.000     0.000
     0.100     0.000     0.100     0.100     0.000     0.000     0.000
     0.100     0.000     0.100     0.100     0.000     0.000     0.000
     0.100     0.000     0.100     0.100     0.000     0.000     0.000
     0.100     0.000     0.100     0.100     0.000     0.000     0.000
     0.100     0.000     0.100     0.100     0.000     0.000     0.000
     0.100     0.000     0.100     0.100     0.000     0.000     0.000
     0.100     0.000     0.100     0.100     0.000     0.000     0.000
     0.100     0.000     0.100     0.100     0.000     0.000     0.000
     0.100     0.000     0.100     0.100     0.000     0.000     0.000
     0.100     0.000     0.100     0.100     0.000     0.000     0.000
     0.100     0.000     0.100     0.100     0.000     0.000     0.000
     0.100     0.000     0.100     0.100     0.000     0.000     0.000
     0.100     0.000     0.100     0.100     0.000     0.000     0.000
     0.109     0.000     0.109     0.100     0.000     0.000     0.000
     0.118     0.000     0.118     0.100     0.000     0.000     0.000
     0.126     0.000     0.126     0.100     0.000     0.000     0.000
     0.135     0.000     0.135     0.100     0.000     0.000     0.000
     0.144     0.000     0.144     0.100     0.000     0.000     0.000
     0.153     0.000     0.153     0.100     0.000     0.000     0.000
     0.161     0.000     0.161     0.100     0.000     0.000     0.000
     0.170     0.000     0.170     0.100     0.000     0.000     0.000
     0.179     0.000     0.179     0.100     0.000     0.000     0.000
     0.188     0.000     0.188     0.100     0.000     0.000     0.000
     0.196     0.000     0.196     0.100     0.000     0.000     0.000
     0.205     0.000     0.205     0.100     0.000     0.000     0.000
     0.214     0.000     0.214     0.100     0.000     0.000     0.000
     0.223     0.000     0.223     0.100     0.000     0.000     0.000
     0.232     0.000     0.232     0.100     0.000     0.000     0.000
     0.240     0.000     0.240     0.100     0.000     0.000     0.000
     0.249     0.000     0.249     0.100     0.000     0.000     0.000
     0.258     0.000     0.258     0.100     0.000     0.000     0.000
     0.267     0.000     0.267     0.100     0.000     0.000     0.000
     0.275     0.000     0.275     0.100     0.000     0.000     0.000
     0.284     0.000     0.284     0.100     0.000     0.000     0.000
     0.293     0.000     0.293     0.100     0.000     0.000     0.000
     0.302     0.000     0.302     0.100     0.000     0.000     0.000
     0.311     0.000     0.311     0.100     0.000     0.000     0.000
     0.319     0.000     0.319     0.100     0.000     0.000     0.000
     0.328     0.000     0.328     0.100     0.000     0.000     0.000
     0.337     0.000     0.337     0.000     0.000     0.000     0.000
     0.346     0.000     0.346     0.000     0.000     0.000     0.000
     0.354     0.000     0.354     0.000     0.000     0.000     0.000
     0.363     0.000     0.363     0.000     0.000     0.000     0.000
     0.372     0.000     0.372     0.000     0.000     0.000     0.000
     0.381     0.000     0.381     0.000     0.000     0.000     0.000
     0.389     0.000     0.389     0.000     0.000     0.000     0.000
     0.398     0.000     0.398     0.000     0.000     0.000     0.000
     0.407     0.000     0.407     0.000     0.000     0.000     0.000
     0.416     0.000     0.416     0.000     0.000     0.000     0.000
     0.425     0.000     0.425     0.000     0.000     0.000     0.000
     0.433     0.000     0.433     0.000     0.000     0.000     0.000
     0.442     0.000     0.442     0.000     0.000     0.000     0.000
     0.451     0.000     0.451     0.000     0.000     0.000     0.000
     0.460     0.000     0.460     0.000     0.000     0.000     0.000
     0.468     0.000     0.468     0.000     0.000     0.000     0.000
     0.477     0.000     0.477     0.000     0.000     0.000     0.000
     0.486     0.000     0.486     0.000     0.000     0.000     0.000
     0.495     0.000     0.495     0.000     0.000     0.000     3.000
     0.504     0.000     0.504     0.000     0.000     0.000     3.000
     0.512     0.000     0.512     0.000     0.000     0.000     3.000
     0.521     0.000     0.521     0.000     0.000     0.000     3.000
     0.530     0.000     0.530     0.000     0.000     0.000     3.000
     0.539     0.000     0.000     0.000     0.000     0.000     3.000
     0.547     0.000     0.000     0.000     0.000     0.000     3.000
     0.556     0.000     0.000     0.000     0.000     0.000     3.000
     0.565     0.000     0.000     0.000     0.000     0.000     3.000
     0.574     0.000     0.000     0.000     0.000     0.000     3.000
     0.582     0.000     0.000     0.000     0.000     0.000     3.000
     0.591     0.000     0.000     0.000     0.000     0.000     3.000
     0.600     0.000     0.000     0.000     0.000     0.000     3.000
     0.600     0.000     0.000     0.000     0.000     0.000     3.000
     0.600     0.000     0.000     0.000     0.000     0.000     3.000
     0.600     0.000     0.000     0.000     0.000     0.000     3.000
     0.600     0.000     0.000     0.000     0.000     0.000     3.000
     0.600     0.000     0.000     0.000     0.000     0.000     3.000
     0.600     0.000     0.000     0.000     0.000     0.000     3.000
     0.600     0.000     0.000     0.000     0.000     0.000     3.000
     0.600     0.000     0.000     0.000     0.000     0.000     3.000
     0.600     0.000     0.000     0.000     0.000     0.000     3.000
     0.600     0.000     0.000     0.000     0.000     0.000     3.000
     0.600     0.000     0.000     0.000     0.000     0.000     3.000
     0.600     0.000     0.000     0.000     0.000     0.000     3.000
     0.600     0.020     0.020     0.020     0.000     0.000     3.000
     0.600     0.045     0.045     0.045     0.000     0.000     3.000
     0.600     0.070     0.070     0.070     0.000     0.000     3.000
     0.600     0.096     0.096     0.096     0.000     0.000     3.000
     0.600     0.121     0.121     0.121     0.000     0.000     3.000
     0.600     0.146     0.146     0.146     0.000     0.000     3.000
     0.600     0.171     0.171     0.171     0.000     0.000     3.000
     0.600     0.197     0.197     0.197     0.000     0.150     3.000
     0.600     0.222     0.222     0.222     0.000     0.150     3.000
     0.600     0.247     0.247     0.247     0.000     0.150     3.000
     0.600     0.272     0.272     0.272     0.000     0.150     3.000
     0.600     0.297     0.297     0.297     0.000     0.150     3.000
     0.600     0.323     0.323     0.323     0.000     0.150     3.000
     0.600     0.348     0.348     0.348     0.000     0.150     3.000
     0.600     0.373     0.373     0.373     0.000     0.150     3.000
     0.600     0.398     0.398     0.398     0.000     0.150     3.000
     0.600     0.423     0.423     0.423     0.000     0.150     3.000
     0.600     0.449     0.449     0.449     0.000     0.150     3.000
     0.600     0.474     0.474     0.474     0.000     0.150     3.000
     0.600     0.499     0.499     0.499     0.000     0.171     3.000
     0.600     0.524     0.524     0.524     0.000     0.193     3.000
     0.600     0.550     0.550     0.550     0.000     0.214     3.000
     0.600     0.575     0.575     0.575     0.000     0.236     3.000
     0.600     0.600     0.600     0.600     0.000     0.257     3.000
     0.600     0.665     0.665     0.665     0.000     0.279     3.000
     0.600     0.730     0.730     0.730     0.000     0.300     3.000
     0.600     0.795     0.795     0.795     0.000     0.321     3.000
     0.600     0.859     0.859     0.859     0.000     0.343     3.000
     0.600     0.924     0.924     0.924     0.000     0.364     3.000
     0.600     0.989     0.989     0.989     0.000     0.386     3.000
     0.600     1.054     1.054     1.054     0.000     0.407     3.000
     0.600     1.119     1.119     1.119     0.000     0.429     3.000
     0.600     1.184     1.184     1.184     0.000     0.450     3.000
     0.600     1.249     1.249     1.249     0.000     0.471     3.000
     0.600     1.314     1.314     1.314     0.000     0.493     3.000
     0.600     1.378     1.378     1.378     0.000     0.514     3.000
     0.600     1.443     1.443     1.443     0.000     0.536     3.000
     0.600     1.508     1.508     1.508     0.000     0.557     3.000
     0.600     1.573     1.573     1.573     0.000     0.579     3.000
     0.600     1.638     1.638     1.638     0.000     0.600     3.000
     0.600     1.703     1.703     1.703     0.000     0.600     3.000
     0.600     1.768     1.768     1.768     0.000     0.600     3.000
     0.600     1.832     1.832     1.832     0.000     0.600     3.000
     0.600     1.897     1.897     1.897     0.000     0.600     3.000
     0.600     1.962     1.962     1.962     0.000     0.600     3.000
     0.600     2.027     2.027     2.027     0.000     0.600     3.000
     0.600     2.092     2.092     2.092     0.000     0.600     3.000
     0.600     2.157     2.157     2.157     0.000     0.600     3.000
     0.600     2.222     2.222     2.222     0.000     0.600     3.000
     0.600     2.286     2.286     2.286     0.000     0.600     3.000
     0.600     2.351     2.351     2.351     0.000     0.600     3.000
     0.600     2.416     2.416     2.416     0.000     0.600     3.000
     0.600     2.481     2.481     2.481     0.000     0.600     3.000
     0.600     2.546     2.546     2.546     0.000     0.600     3.000
     0.600     2.611     2.611     2.611     0.000     0.600     3.000
     0.600     2.676     2.676     2.676     0.000     0.600     3.000
     0.600     2.741     2.741     2.741     0.000     0.600     3.000
     0.600     2.805     2.805     2.805     0.000     0.600     3.000
     0.600     2.870     2.870     2.870     0.000     0.600     3.000
     0.600     2.935     2.935     2.935     0.000     0.600     3.000
     0.600     3.000     3.000     3.000     0.000     0.600     3.000
     0.600     3.000     3.000     3.000     0.000     0.600     3.000
     0.600     3.000     3.000     3.000     0.000     0.600     3.000
     0.600     3.000     3.000     3.000     0.000     0.600     3.000
     0.600     3.000     3.000     3.000     0.000     0.600     3.000
     0.600     3.000     3.000     3.000     0.000     0.600     3.000
     0.600     3.000     3.000     3.000     0.000     0.600     3.000
     0.000     3.000     3.000     3.000     0.000     0.600     3.000
     0.000     3.000     3.000     3.000     0.000     0.600     3.000
     0.000     3.000     3.000     3.000     0.000     0.600     3.000
     0.000     3.000     3.000     3.000     0.000     0.600     3.000
     0.000     3.000     3.000     3.000     0.000     0.600     3.000
     0.000     3.000     3.000     3.000     0.000     0.600     3.000
     0.000     3.000     3.000     3.000     0.000     0.600     3.000
     0.000     3.000     3.000     3.000     0.000     0.600     3.000
     0.000     3.000     3.000     3.000     0.000     0.600     3.000
     0.000     3.000     3.000     3.000     0.000     0.600     3.000
     0.000     3.000     3.000     3.000     0.000     0.600     3.000
     0.000     3.000     3.000     3.000     0.000     0.600     3.000
     0.000     3.000     3.000     3.000     0.000     0.600     3.000
     0.000     3.000     3.000     3.000     0.000     0.600     3.000
     0.000     3.000     3.000     3.000     0.000     0.600     3.000
     0.000     3.000     3.000     3.000     0.000     0.600     3.000
     0.000     3.000     3.000     3.000     0.000     0.600     3.000
     0.000     3.000     3.000     3.000     0.000     0.600     3.000
     0.000     3.000     3.000     3.000     0.000     0.600     3.000
     0.000     3.000     3.000     3.000     0.000     0.600     3.000
     0.000     3.000     3.000     3.000     0.000     0.600     3.000
     0.000     3.000     3.000     3.000     0.000     0.600     3.000
     0.000     3.000     3.000     3.000     0.000     0.600     3.000
     0.000     3.000     3.000     3.000     0.000     0.600     3.000
     0.000     3.000     3.000     3.000     0.000     0.000     3.000
     0.000     3.000     3.000     3.000     0.000     0.000     3.000
     0.000     3.000     3.000     3.000     0.000     0.000     3.000
     0.000     3.000     3.000     3.000     0.000     0.000     3.000
     0.000     3.000     3.000     3.000     0.000     0.000     3.000
     0.000     3.000     3.000     3.000     0.000     0.000     3.000
     0.000     3.000     3.000     3.000     0.100     0.000     3.000
     0.000     3.000     3.000     3.000     0.100     0.000     3.000
     0.000     3.000     3.000     3.000     0.100     0.000     3.000
     0.000     3.000     3.000     3.000     0.100     0.000     3.000
     0.000     3.000     3.000     3.000     0.100     0.000     3.000
     0.000     3.000     3.000     3.000     0.100     0.000     3.000
     0.000     3.000     3.000     3.000     0.100     0.000     3.000
     0.000     3.000     3.000     3.000     0.100     0.000     3.000
     0.000     3.000     3.000     3.000     0.100     0.000     3.000
     0.000     2.974     2.974     2.974     0.125     0.000     3.000
     0.000     2.947     2.947     2.947     0.150     0.000     3.000
     0.000     2.921     2.921     2.921     0.175     0.000     3.000
     0.000     2.895     2.895     2.895     0.200     0.000     3.000
     0.000     2.868     2.868     2.868     0.225     0.000     3.000
     0.000     2.842     2.842     2.842     0.250     0.000     3.000
     0.000     2.816     2.816     2.816     0.275     0.000     3.000
     0.000     2.789     2.789     2.789     0.300     0.000     3.000
     0.000     2.763     2.763     2.763     0.325     0.000     3.000
     0.000     2.737     2.737     2.737     0.350     0.000     3.000
     0.000     2.711     2.711     2.711     0.375     0.000     3.000
     0.000     2.684     2.684     2.684     0.400     0.000     3.000
     0.000     2.658     2.658     2.658     0.425     0.000     3.000
     0.000     2.632     2.632     2.632     0.450     0.000     3.000
     0.000     2.605     2.605     2.605     0.475     0.000     3.000
     0.000     2.579     2.579     2.579     0.500     0.000     3.000
     0.000     2.553     2.553     2.553     0.525     0.000     3.000
     0.000     2.526     2.526     2.526     0.550     0.000     3.000
     0.000     2.500     2.500     2.500     0.575     0.000     3.000
     0.000     0.000     0.000     0.000     0.600     0.000     3.000
     0.000     0.000     0.000     0.000     0.625     0.000     3.000
     0.000     0.000     0.000     0.000     0.650     0.000     3.000
     0.000     0.000     0.000     0.000     0.675     0.000     3.000
     0.000     0.000     0.000     0.000     0.700     0.000     3.000
     0.000     0.000     0.000     0.000     0.725     0.000     3.000
     0.000     0.000     0.000     0.000     0.750     0.000     3.000
     0.000     0.000     0.000     0.000     0.750     0.000     3.000
     0.000     0.000     0.000     0.000     0.750     0.000     3.000
     0.000     0.000     0.000     0.000     0.750     0.000     3.000
     0.000     0.000     0.000     0.000     0.750     0.000     3.000
     0.000     0.000     0.000     0.000     0.750     0.000     3.000
     0.000     0.000     0.000     0.000     0.750     0.000     3.000
     0.000     0.000     0.000     0.000     0.750     0.000     3.000
     0.000     0.000     0.000     0.000     0.750     0.000     3.000
     0.000     0.000     0.000     0.000     0.750     0.000     3.000
     0.000     0.000     0.000     0.000     0.750     0.000     3.000
     0.000     0.000     0.000     0.000     0.750     0.000     3.000
     0.000     0.000     0.000     0.000     0.750     0.000     0.000
     0.000     0.000     0.000     0.000     0.750     0.000     0.000
     0.000     0.000     0.000     0.000     0.750     0.000     0.000
     0.000     0.000     0.000     0.000     0.750     0.000     0.000
     0.000     0.000     0.000     0.000     0.750     0.000     0.000
     0.000     0.000     0.000     0.000     0.750     0.000     0.000
     0.000     0.000     0.000     0.000     0.750     0.000     0.000
     0.000     0.000     0.000     0.000     0.750     0.000     0.000
     0.000     0.000     0.000     0.000     0.750     0.000     0.000
     0.000     0.000     0.000     0.000     0.750     0.000     0.000
     0.000     0.000     0.000     0.000     0.750     0.000     0.000
     0.000     0.000     0.000     0.000     0.750     0.000     0.000
     0.000     0.000     0.000     0.000     0.750     0.000     0.000
     0.000     0.000     0.000     0.000     0.750     0.000     0.000
     0.000     0.000     0.000     0.000     0.750     0.000     0.000
     0.000     0.000     0.000     0.000     0.750     0.000     0.000
     0.000     0.000     0.000     0.000     0.750     0.000     0.000
     0.000     0.000     0.000     0.000     0.750     0.000     0.000
     0.000     0.000     0.000     0.000     0.750     0.000     0.000
     0.000     0.000     0.000     0.000     0.750     0.000     0.000
     0.000     0.000     0.000     0.000     0.750     0.000     0.000
     0.000     0.000     0.000     0.000     0.750     0.000     0.000
     0.000     0.000     0.000     0.000     0.750     0.000     0.000
     0.000     0.000     0.000     0.000     0.750     0.000     0.000
     0.000     0.000     0.000     0.000     0.750     0.000     0.000
     0.000     0.000     0.000     0.000     0.750     0.000     0.000
     0.000     0.000     0.000     0.000     0.750     0.000     0.000
     0.000     0.000     0.000     0.000     0.750     0.000     0.000
     0.000     0.000     0.000     0.000     0.750     0.000     0.000
     0.000     0.000     0.000     0.000     0.750     0.000     0.000
     0.000     0.000     0.000     0.000     0.750     0.000     0.000
     0.000     0.000     0.000     0.000     0.750     0.000     0.000
     0.000     0.000     0.000     0.000     0.750     0.000     0.000
     0.000     0.000     0.000     0.000     0.750     0.000     0.000
     0.000     0.000     0.000     0.000     0.750     0.000     0.000
     0.000     0.000     0.000     0.000     0.750     0.000     0.000
     0.000     0.000     0.000     0.000     0.750     0.000     0.000
     0.000     0.000     0.000     0.000     0.750     0.000     0.000
     0.000     0.000     0.000     0.000     0.750     0.000     0.000
     0.000     0.000     0.000     0.000     0.750     0.000     0.000
     0.000     0.000     0.000     0.000     0.750     0.000     0.000
     0.000     0.000     0.000     0.000     0.750     0.000     0.000
     0.000     0.000     0.000     0.000     0.750     0.000     0.000
     0.000     0.000     0.000     0.000     0.750     0.000     0.000
     0.000     0.000     0.000     0.000     0.750     0.000     0.000
     0.000     0.000     0.000     0.000     0.750     0.000     0.000
     0.000     0.000     0.000     0.000     0.750     0.000     0.000
     0.000     0.000     0.000     0.000     0.750     0.000     0.000
     0.000     0.000     0.000     0.000     0.750     0.000     0.000
     0.050     0.000     0.050     0.100     0.750     0.000     0.000
     0.100     0.000     0.100     0.100     0.750     0.000     0.000
     0.100     0.000     0.100     0.100     0.750     0.000     0.000
     0.100     0.000     0.100     0.100     0.750     0.000     0.000
     0.100     0.000     0.100     0.100     0.750     0.000     0.000
     0.100     0.000     0.100     0.100     0.000     0.000     0.000
     0.100     0.000     0.100     0.100     0.000     0.000     0.000
     0.100     0.000     0.100     0.100     0.000     0.000     0.000
     0.100     0.000     0.100     0.100     0.000     0.000     0.000
     0.100     0.000     0.100     0.100     0.000     0.000     0.000
     0.100     0.000     0.100     0.100     0.000     0.000     0.000
     0.100     0.000     0.100     0.100     0.000     0.000     0.000
     0.100     0.000     0.100     0.100     0.000     0.000     0.000
     0.100     0.000     0.100     0.100     0.000     0.000     0.000
     0.100     0.000     0.100     0.100     0.000     0.000     0.000
     0.100     0.000     0.100     0.100     0.000     0.000     0.000
     0.100     0.000     0.100     0.100     0.000     0.000     0.000
     0.100     0.000     0.100     0.100     0.000     0.000     0.000
     0.100     0.000     0.100     0.100     0.000     0.000     0.000
     0.100     0.000     0.100     0.100     0.000     0.000     0.000
     0.100     0.000     0.100     0.100     0.000     0.000     0.000
     0.100     0.000     0.100     0.100     0.000     0.000     0.000
     0.104     0.000     0.104     0.100     0.000     0.000     0.000
     0.108     0.000     0.108     0.100     0.000     0.000     0.000
     0.111     0.000     0.111     0.100     0.000     0.000     0.000
     0.115     0.000     0.115     0.100     0.000     0.000     0.000
     0.119     0.000     0.119     0.100     0.000     0.000     0.000
     0.123     0.000     0.123     0.100     0.000     0.000     0.000
     0.126     0.000     0.126     0.100     0.000     0.000     0.000
     0.130     0.000     0.130     0.100     0.000     0.000     0.000
     0.134     0.000     0.134     0.103     0.000     0.000     0.000
     0.138     0.000     0.138     0.105     0.000     0.000     0.000
     0.141     0.000     0.141     0.108     0.000     0.000     0.000
     0.145     0.000     0.145     0.110     0.000     0.000     0.000
     0.149     0.000     0.149     0.113     0.000     0.000     0.000
     0.153     0.000     0.153     0.115     0.000     0.000     0.000
     0.156     0.000     0.156     0.118     0.000     0.000     0.000
     0.160     0.000     0.160     0.121     0.000     0.000     0.000
     0.164     0.000     0.164     0.123     0.000     0.000     0.000
     0.168     0.000     0.168     0.126     0.000     0.000     0.000
     0.171     0.000     0.171     0.128     0.000     0.000     0.000
     0.175     0.000     0.175     0.131     0.000     0.000     0.000
     0.179     0.000     0.179     0.133     0.000     0.000     0.000
     0.183     0.000     0.183     0.136     0.000     0.000     0.000
     0.186     0.000     0.186     0.138     0.000     0.000     0.000
     0.190     0.000     0.190     0.141     0.000     0.000     0.000
     0.194     0.000     0.194     0.144     0.000     0.000     0.000
     0.198     0.000     0.198     0.146     0.000     0.000     0.000
     0.202     0.000     0.202     0.149     0.000     0.000     0.000
     0.205     0.000     0.205     0.151     0.000     0.000     0.000
     0.209     0.000     0.209     0.154     0.000     0.000     0.000
     0.213     0.000     0.213     0.156     0.000     0.000     0.000
     0.217     0.000     0.217     0.159     0.000     0.000     0.000
     0.220     0.000     0.220     0.162     0.000     0.000     0.000
     0.224     0.000     0.224     0.164     0.000     0.000     0.000
     0.228     0.000     0.228     0.167     0.000     0.000     0.000
     0.232     0.000     0.232     0.169     0.000     0.000     0.000
     0.235     0.000     0.235     0.172     0.000     0.000     0.000
     0.239     0.000     0.239     0.174     0.000     0.000     0.000
     0.243     0.000     0.243     0.177     0.000     0.000     0.000
     0.247     0.000     0.247     0.179     0.000     0.000     0.000
     0.250     0.000     0.250     0.182     0.000     0.000     0.000
     0.254     0.000     0.254     0.185     0.000     0.000     0.000
     0.258     0.000     0.258     0.187     0.000     0.000     0.000
     0.262     0.000     0.262     0.190     0.000     0.000     0.000
     0.265     0.000     0.265     0.192     0.000     0.000     0.000
     0.269     0.000     0.269     0.195     0.000     0.000     0.000
     0.273     0.000     0.273     0.197     0.000     0.000     0.000
     0.277     0.000     0.277     0.200     0.000     0.000     0.000
     0.280     0.000     0.280     0.203     0.000     0.000     0.000
