 CrID_1 CrID_2 CrID_3 CrID_4 CrID_5 CrID_6 CrID_7
     0.150     0.000     0.150     0.150     0.000     0.000     0.000
     0.150     0.000     0.150     0.150     0.000     0.000     0.000
     0.150     0.000     0.150     0.150     0.000     0.000     0.000
     0.150     0.000     0.150     0.150     0.000     0.000     0.000
     0.150     0.000     0.150     0.150     0.000     0.000     0.000
     0.150     0.000     0.150     0.150     0.000     0.000     0.000
     0.150     0.000     0.150     0.150     0.000     0.000     0.000
     0.150     0.000     0.150     0.150     0.000     0.000     0.000
     0.150     0.000     0.150     0.150     0.000     0.000     0.000
     0.150     0.000     0.150     0.150     0.000     0.000     0.000
     0.150     0.000     0.150     0.150     0.000     0.000     0.000
     0.150     0.000     0.150     0.150     0.000     0.000     0.000
     0.150     0.000     0.150     0.150     0.000     0.000     0.000
     0.150     0.000     0.150     0.150     0.000     0.000     0.000
     0.150     0.000     0.150     0.150     0.000     0.000     0.000
     0.150     0.000     0.150     0.150     0.000     0.000     0.000
     0.150     0.000     0.150     0.150     0.000     0.000     0.000
     0.150     0.000     0.150     0.150     0.000     0.000     0.000
     0.150     0.000     0.150     0.150     0.000     0.000     0.000
     0.150     0.000     0.150     0.150     0.000     0.000     0.000
     0.150     0.000     0.150     0.150     0.000     0.000     0.000
     0.150     0.000     0.150     0.150     0.000     0.000     0.000
     0.150     0.000     0.150     0.150     0.000     0.000     0.000
     0.150     0.000     0.150     0.150     0.000     0.000     0.000
     0.150     0.000     0.150     0.150     0.000     0.000     0.000
     0.150     0.000     0.150     0.150     0.000     0.000     0.000
     0.150     0.000     0.150     0.150     0.000     0.000     0.000
     0.150     0.000     0.150     0.150     0.000     0.000     0.000
     0.150     0.000     0.150     0.150     0.000     0.000     0.000
     0.150     0.000     0.150     0.150     0.000     0.000     0.000
     0.150     0.000     0.150     0.150     0.000     0.000     0.000
     0.150     0.000     0.150     0.150     0.000     0.000     0.000
     0.150     0.000     0.150     0.150     0.000     0.000     0.000
     0.150     0.000     0.150     0.150     0.000     0.000     0.000
     0.150     0.000     0.150     0.150     0.000     0.000     0.000
     0.168     0.000     0.168     0.150     0.000     0.000     0.000
     0.185     0.000     0.185     0.150     0.000     0.000     0.000
     0.203     0.000     0.203     0.150     0.000     0.000     0.000
     0.220     0.000     0.220     0.150     0.000     0.000     0.000
     0.238     0.000     0.238     0.150     0.000     0.000     0.000
     0.256     0.000     0.256     0.150     0.000     0.000     0.000
     0.273     0.000     0.273     0.150     0.000     0.000     0.000
     0.291     0.000     0.291     0.150     0.000     0.000     0.000
     0.309     0.000     0.309     0.150     0.000     0.000     0.000
     0.326     0.000     0.326     0.150     0.000     0.000     0.000
     0.344     0.000     0.344     0.150     0.000     0.000     0.000
     0.361     0.000     0.361     0.150     0.000     0.000     0.000
     0.379     0.000     0.379     0.150     0.000     0.000     0.000
     0.397     0.000     0.397     0.150     0.000     0.000     0.000
     0.414     0.000     0.414     0.150     0.000     0.000     0.000
     0.432     0.000     0.432     0.150     0.000     0.000     0.000
     0.449     0.000     0.449     0.150     0.000     0.000     0.000
     0.467     0.000     0.467     0.150     0.000     0.000     0.000
     0.485     0.000     0.485     0.150     0.000     0.000     0.000
     0.502     0.000     0.502     0.150     0.000     0.000     0.000
     0.520     0.000     0.520     0.150     0.000     0.000     0.000
     0.537     0.000     0.537     0.150     0.000     0.000     0.000
     0.555     0.000     0.555     0.150     0.000     0.000     0.000
     0.573     0.000     0.573     0.150     0.000     0.000     0.000
     0.590     0.000     0.590     0.150     0.000     0.000     0.000
     0.608     0.000     0.608     0.000     0.000     0.000     0.000
     0.626     0.000     0.626     0.000     0.000     0.000     0.000
     0.643     0.000     0.643     0.000     0.000     0.000     0.000
     0.661     0.000     0.661     0.000     0.000     0.000     0.000
     0.678     0.000     0.678     0.000     0.000     0.000     0.000
     0.696     0.000     0.696     0.000     0.000     0.000     0.000
     0.714     0.000     0.714     0.000     0.000     0.000     0.000
     0.731     0.000     0.731     0.000     0.000     0.000     0.000
     0.749     0.000     0.749     0.000     0.000     0.000     0.000
     0.766     0.000     0.766     0.000     0.000     0.000     0.000
     0.784     0.000     0.784     0.000     0.000     0.000     0.000
     0.802     0.000     0.802     0.000     0.000     0.000     0.000
     0.819     0.000     0.819     0.000     0.000     0.000     0.000
     0.837     0.000     0.837     0.000     0.000     0.000     0.000
     0.854     0.000     0.854     0.000     0.000     0.000     0.000
     0.872     0.000     0.872     0.000     0.000     0.000     0.000
     0.890     0.000     0.890     0.000     0.000     0.000     0.000
     0.907     0.000     0.907     0.000     0.000     0.000     0.000
     0.925     0.000     0.925     0.000     0.000     0.000     0.000
     0.943     0.000     0.943     0.000     0.000     0.000     0.000
     0.960     0.000     0.960     0.000     0.000     0.000     0.000
     0.978     0.000     0.978     0.000     0.000     0.000     0.150
     0.995     0.000     0.995     0.000     0.000     0.000     0.350
     1.013     0.000     0.000     0.000     0.000     0.000     0.356
     1.031     0.000     0.000     0.000     0.000     0.000     0.361
     1.048     0.000     0.000     0.000     0.000     0.000     0.367
     1.066     0.000     0.000     0.000     0.000     0.000     0.372
     1.083     0.000     0.000     0.000     0.000     0.000     0.378
     1.101     0.000     0.000     0.000     0.000     0.000     0.383
     1.101     0.000     0.000     0.000     0.000     0.000     0.389
     1.101     0.000     0.000     0.000     0.000     0.000     0.394
     1.101     0.000     0.000     0.000     0.000     0.000     0.400
     1.101     0.000     0.000     0.000     0.000     0.000     0.405
     1.101     0.000     0.000     0.000     0.000     0.000     0.411
     1.101     0.000     0.000     0.000     0.000     0.000     0.416
     1.101     0.000     0.000     0.000     0.000     0.000     0.422
     1.101     0.000     0.000     0.000     0.000     0.000     0.427
     1.101     0.000     0.000     0.000     0.000     0.000     0.433
     1.101     0.000     0.000     0.000     0.000     0.000     0.439
     1.101     0.000     0.000     0.000     0.000     0.000     0.444
     1.101     0.050     0.050     0.050     0.000     0.000     0.450
     1.101     0.100     0.100     0.100     0.000     0.000     0.455
     1.101     0.150     0.150     0.150     0.000     0.000     0.461
     1.101     0.150     0.150     0.150     0.000     0.000     0.466
     1.101     0.150     0.150     0.150     0.000     0.000     0.472
     1.101     0.150     0.150     0.150     0.000     0.000     0.477
     1.101     0.150     0.150     0.150     0.000     0.000     0.483
     1.101     0.150     0.150     0.150     0.000     0.000     0.488
     1.101     0.150     0.150     0.150     0.000     0.000     0.494
     1.101     0.150     0.150     0.150     0.000     0.000     0.499
     1.101     0.150     0.150     0.150     0.000     0.150     0.505
     1.101     0.150     0.150     0.150     0.000     0.164     0.510
     1.101     0.150     0.150     0.150     0.000     0.177     0.516
     1.101     0.150     0.150     0.150     0.000     0.191     0.522
     1.101     0.150     0.150     0.150     0.000     0.205     0.531
     1.101     0.150     0.150     0.150     0.000     0.218     0.540
     1.101     0.150     0.150     0.150     0.000     0.232     0.550
     1.101     0.150     0.150     0.150     0.000     0.245     0.559
     1.101     0.150     0.150     0.150     0.000     0.259     0.569
     1.101     0.150     0.150     0.150     0.000     0.273     0.578
     1.101     0.150     0.150     0.150     0.000     0.286     0.587
     1.101     0.150     0.150     0.150     0.000     0.300     0.597
     1.101     0.150     0.150     0.150     0.000     0.329     0.606
     1.101     0.150     0.150     0.150     0.000     0.357     0.616
     1.101     0.150     0.150     0.150     0.000     0.386     0.625
     1.101     0.150     0.150     0.150     0.000     0.415     0.634
     1.101     0.150     0.150     0.150     0.000     0.443     0.644
     1.101     0.150     0.150     0.150     0.000     0.472     0.653
     1.101     0.150     0.150     0.150     0.000     0.500     0.663
     1.101     0.150     0.150     0.150     0.000     0.529     0.672
     1.101     0.170     0.170     0.170     0.000     0.558     0.681
     1.101     0.191     0.191     0.191     0.000     0.586     0.691
     1.101     0.211     0.211     0.211     0.000     0.615     0.700
     1.101     0.231     0.231     0.231     0.000     0.644     0.710
     1.101     0.252     0.252     0.252     0.000     0.672     0.719
     1.101     0.272     0.272     0.272     0.000     0.701     0.728
     1.101     0.293     0.293     0.293     0.000     0.730     0.738
     1.101     0.313     0.313     0.313     0.000     0.758     0.747
     1.101     0.333     0.333     0.333     0.000     0.787     0.757
     1.101     0.354     0.354     0.354     0.000     0.815     0.766
     1.101     0.374     0.374     0.374     0.000     0.844     0.775
     1.101     0.394     0.394     0.394     0.000     0.873     0.785
     1.101     0.415     0.415     0.415     0.000     0.901     0.794
     1.101     0.435     0.435     0.435     0.000     0.930     0.804
     1.101     0.455     0.455     0.455     0.000     0.959     0.813
     1.101     0.476     0.476     0.476     0.000     0.987     0.822
     1.101     0.496     0.496     0.496     0.000     1.016     0.832
     1.101     0.517     0.517     0.517     0.000     1.045     0.841
     1.101     0.537     0.537     0.537     0.000     1.073     0.851
     1.101     0.557     0.557     0.557     0.000     1.102     0.860
     1.063     0.578     0.578     0.578     0.000     1.102     0.869
     1.025     0.598     0.598     0.598     0.000     1.102     0.879
     0.987     0.618     0.618     0.618     0.000     1.102     0.895
     0.949     0.639     0.639     0.639     0.000     1.102     0.910
     0.911     0.659     0.659     0.659     0.000     1.102     0.926
     0.873     0.679     0.679     0.679     0.000     1.102     0.942
     0.835     0.700     0.700     0.700     0.000     1.102     0.958
     0.797     0.720     0.720     0.720     0.000     1.102     0.974
     0.759     0.741     0.741     0.741     0.000     1.102     0.989
     0.721     0.761     0.761     0.761     0.000     1.102     1.005
     0.683     0.781     0.781     0.781     0.000     1.102     1.021
     0.645     0.802     0.802     0.802     0.000     1.102     1.037
     0.607     0.822     0.822     0.822     0.000     1.102     1.053
     0.568     0.842     0.842     0.842     0.000     1.102     1.068
     0.530     0.863     0.863     0.863     0.000     1.102     1.084
     0.492     0.883     0.883     0.883     0.000     1.102     1.100
     0.454     0.903     0.903     0.903     0.000     1.102     1.097
     0.416     0.924     0.924     0.924     0.000     1.102     1.095
     0.378     0.944     0.944     0.944     0.000     1.102     1.092
     0.340     0.965     0.965     0.965     0.000     1.102     1.090
     0.302     0.985     0.985     0.985     0.000     1.102     1.087
     0.264     1.005     1.005     1.005     0.000     1.102     1.085
     0.226     1.026     1.026     1.026     0.000     1.102     1.082
     0.188     1.046     1.046     1.046     0.000     1.102     1.080
     0.150     1.046     1.046     1.046     0.000     1.102     1.077
     0.000     1.046     1.046     1.046     0.000     1.102     1.075
     0.000     1.046     1.046     1.046     0.000     1.102     1.072
     0.000     1.046     1.046     1.046     0.000     1.102     1.070
     0.000     1.046     1.046     1.046     0.000     1.102     1.067
     0.000     1.046     1.046     1.046     0.000     1.102     1.065
     0.000     1.046     1.046     1.046     0.000     1.102     1.062
     0.000     1.046     1.046     1.046     0.000     1.102     1.059
     0.000     1.046     1.046     1.046     0.000     1.102     1.057
     0.000     1.046     1.046     1.046     0.000     1.102     1.054
     0.000     1.046     1.046     1.046     0.000     1.102     1.052
     0.000     1.046     1.046     1.046     0.000     1.102     1.049
     0.000     1.046     1.046     1.046     0.000     1.102     1.047
     0.000     1.046     1.046     1.046     0.000     1.102     1.044
     0.000     1.046     1.046     1.046     0.000     1.077     1.042
     0.000     1.046     1.046     1.046     0.000     1.051     1.039
     0.000     1.046     1.046     1.046     0.000     1.026     1.037
     0.000     1.046     1.046     1.046     0.000     1.001     1.034
     0.000     1.046     1.046     1.046     0.000     0.976     1.032
     0.000     1.046     1.046     1.046     0.000     0.950     1.029
     0.000     1.046     1.046     1.046     0.000     0.925     1.027
     0.000     1.046     1.046     1.046     0.000     0.900     1.024
     0.000     1.046     1.046     1.046     0.000     0.875     1.021
     0.000     1.046     1.046     1.046     0.000     0.849     1.019
     0.000     1.046     1.046     1.046     0.000     0.824     1.016
     0.000     1.046     1.046     1.046     0.000     0.799     1.014
     0.000     1.046     1.046     1.046     0.000     0.774     1.011
     0.000     1.046     1.046     1.046     0.150     0.748     1.009
     0.000     1.046     1.046     1.046     0.150     0.723     1.006
     0.000     1.046     1.046     1.046     0.150     0.698     1.004
     0.000     1.046     1.046     1.046     0.150     0.000     1.001
     0.000     1.046     1.046     1.046     0.150     0.000     0.999
     0.000     1.046     1.046     1.046     0.150     0.000     0.996
     0.000     1.046     1.046     1.046     0.150     0.000     0.994
     0.000     1.046     1.046     1.046     0.150     0.000     0.991
     0.000     1.046     1.046     1.046     0.150     0.000     0.989
     0.000     1.046     1.046     1.046     0.150     0.000     0.986
     0.000     1.046     1.046     1.046     0.150     0.000     0.983
     0.000     1.046     1.046     1.046     0.180     0.000     0.981
     0.000     1.046     1.046     1.046     0.210     0.000     0.978
     0.000     1.046     1.046     1.046     0.240     0.000     0.976
     0.000     1.046     1.046     1.046     0.270     0.000     0.973
     0.000     1.046     1.046     1.046     0.301     0.000     0.971
     0.000     1.046     1.046     1.046     0.331     0.000     0.968
     0.000     1.046     1.046     1.046     0.361     0.000     0.966
     0.000     1.046     1.046     1.046     0.391     0.000     0.963
     0.000     1.046     1.046     1.046     0.421     0.000     0.961
     0.000     1.046     1.046     1.046     0.451     0.000     0.958
     0.000     1.046     1.046     1.046     0.481     0.000     0.956
     0.000     1.046     1.046     1.046     0.511     0.000     0.953
     0.000     1.046     1.046     1.046     0.542     0.000     0.951
     0.000     1.009     1.009     1.009     0.572     0.000     0.948
     0.000     0.971     0.971     0.971     0.602     0.000     0.945
     0.000     0.934     0.934     0.934     0.632     0.000     0.943
     0.000     0.897     0.897     0.897     0.662     0.000     0.940
     0.000     0.859     0.859     0.859     0.692     0.000     0.938
     0.000     0.822     0.822     0.822     0.722     0.000     0.935
     0.000     0.785     0.785     0.785     0.752     0.000     0.933
     0.000     0.747     0.747     0.747     0.783     0.000     0.930
     0.000     0.710     0.710     0.710     0.813     0.000     0.928
     0.000     0.673     0.673     0.673     0.843     0.000     0.925
     0.000     0.635     0.635     0.635     0.873     0.000     0.923
     0.000     0.598     0.598     0.598     0.903     0.000     0.920
     0.000     0.561     0.561     0.561     0.933     0.000     0.918
     0.000     0.523     0.523     0.523     0.963     0.000     0.915
     0.000     0.486     0.486     0.486     0.993     0.000     0.913
     0.000     0.449     0.449     0.449     1.024     0.000     0.910
     0.000     0.411     0.411     0.411     1.054     0.000     0.907
     0.000     0.374     0.374     0.374     1.084     0.000     0.905
     0.000     0.337     0.337     0.337     1.084     0.000     0.902
     0.000     0.299     0.299     0.299     1.084     0.000     0.900
     0.000     0.262     0.262     0.262     1.084     0.000     0.897
     0.000     0.225     0.225     0.225     1.084     0.000     0.895
     0.000     0.187     0.187     0.187     1.084     0.000     0.892
     0.000     0.150     0.150     0.150     1.084     0.000     0.890
     0.000     0.000     0.000     0.000     1.084     0.000     0.887
     0.000     0.000     0.000     0.000     1.084     0.000     0.000
     0.000     0.000     0.000     0.000     1.084     0.000     0.000
     0.000     0.000     0.000     0.000     1.084     0.000     0.000
     0.000     0.000     0.000     0.000     1.084     0.000     0.000
     0.000     0.000     0.000     0.000     1.084     0.000     0.000
     0.000     0.000     0.000     0.000     1.084     0.000     0.000
     0.000     0.000     0.000     0.000     1.084     0.000     0.000
     0.000     0.000     0.000     0.000     1.084     0.000     0.000
     0.000     0.000     0.000     0.000     1.084     0.000     0.000
     0.000     0.000     0.000     0.000     1.084     0.000     0.000
     0.000     0.000     0.000     0.000     1.084     0.000     0.000
     0.000     0.000     0.000     0.000     1.084     0.000     0.000
     0.000     0.000     0.000     0.000     1.084     0.000     0.000
     0.000     0.000     0.000     0.000     1.084     0.000     0.000
     0.000     0.000     0.000     0.000     1.084     0.000     0.000
     0.000     0.000     0.000     0.000     1.084     0.000     0.000
     0.000     0.000     0.000     0.000     1.084     0.000     0.000
     0.000     0.000     0.000     0.000     1.084     0.000     0.000
     0.000     0.000     0.000     0.000     1.084     0.000     0.000
     0.000     0.000     0.000     0.000     1.084     0.000     0.000
     0.000     0.000     0.000     0.000     1.084     0.000     0.000
     0.000     0.000     0.000     0.000     1.084     0.000     0.000
     0.000     0.000     0.000     0.000     1.084     0.000     0.000
     0.000     0.000     0.000     0.000     1.084     0.000     0.000
     0.000     0.000     0.000     0.000     1.084     0.000     0.000
     0.000     0.000     0.000     0.000     1.084     0.000     0.000
     0.000     0.000     0.000     0.000     1.084     0.000     0.000
     0.000     0.000     0.000     0.000     1.084     0.000     0.000
     0.000     0.000     0.000     0.000     1.084     0.000     0.000
     0.000     0.000     0.000     0.000     1.084     0.000     0.000
     0.000     0.000     0.000     0.000     1.084     0.000     0.000
     0.000     0.000     0.000     0.000     1.084     0.000     0.000
     0.000     0.000     0.000     0.000     1.084     0.000     0.000
     0.000     0.000     0.000     0.000     1.084     0.000     0.000
     0.000     0.000     0.000     0.000     1.084     0.000     0.000
     0.000     0.000     0.000     0.000     1.084     0.000     0.000
     0.000     0.000     0.000     0.000     1.084     0.000     0.000
     0.000     0.000     0.000     0.000     1.084     0.000     0.000
     0.000     0.000     0.000     0.000     1.084     0.000     0.000
     0.000     0.000     0.000     0.000     1.084     0.000     0.000
     0.000     0.000     0.000     0.000     1.084     0.000     0.000
     0.000     0.000     0.000     0.000     1.084     0.000     0.000
     0.000     0.000     0.000     0.000     1.084     0.000     0.000
     0.000     0.000     0.000     0.000     1.084     0.000     0.000
     0.000     0.000     0.000     0.000     1.084     0.000     0.000
     0.000     0.000     0.000     0.000     1.084     0.000     0.000
     0.000     0.000     0.000     0.000     1.084     0.000     0.000
     0.000     0.000     0.000     0.000     1.084     0.000     0.000
     0.000     0.000     0.000     0.000     1.084     0.000     0.000
     0.050     0.000     0.050     0.000     1.084     0.000     0.000
     0.100     0.000     0.100     0.000     0.000     0.000     0.000
     0.150     0.000     0.150     0.000     0.000     0.000     0.000
     0.150     0.000     0.150     0.000     0.000     0.000     0.000
     0.150     0.000     0.150     0.000     0.000     0.000     0.000
     0.150     0.000     0.150     0.000     0.000     0.000     0.000
     0.150     0.000     0.150     0.000     0.000     0.000     0.000
     0.150     0.000     0.150     0.000     0.000     0.000     0.000
     0.150     0.000     0.150     0.000     0.000     0.000     0.000
     0.150     0.000     0.150     0.000     0.000     0.000     0.000
     0.150     0.000     0.150     0.000     0.000     0.000     0.000
     0.150     0.000     0.150     0.015     0.000     0.000     0.000
     0.150     0.000     0.150     0.030     0.000     0.000     0.000
     0.150     0.000     0.150     0.045     0.000     0.000     0.000
     0.150     0.000     0.150     0.060     0.000     0.000     0.000
     0.150     0.000     0.150     0.075     0.000     0.000     0.000
     0.150     0.000     0.150     0.090     0.000     0.000     0.000
     0.150     0.000     0.150     0.105     0.000     0.000     0.000
     0.150     0.000     0.150     0.120     0.000     0.000     0.000
     0.150     0.000     0.150     0.135     0.000     0.000     0.000
     0.150     0.000     0.150     0.150     0.000     0.000     0.000
     0.150     0.000     0.150     0.150     0.000     0.000     0.000
     0.150     0.000     0.150     0.150     0.000     0.000     0.000
     0.150     0.000     0.150     0.150     0.000     0.000     0.000
     0.150     0.000     0.150     0.150     0.000     0.000     0.000
     0.150     0.000     0.150     0.150     0.000     0.000     0.000
     0.150     0.000     0.150     0.150     0.000     0.000     0.000
     0.150     0.000     0.150     0.150     0.000     0.000     0.000
     0.150     0.000     0.150     0.150     0.000     0.000     0.000
     0.150     0.000     0.150     0.150     0.000     0.000     0.000
     0.150     0.000     0.150     0.150     0.000     0.000     0.000
     0.150     0.000     0.150     0.150     0.000     0.000     0.000
     0.150     0.000     0.150     0.150     0.000     0.000     0.000
     0.150     0.000     0.150     0.150     0.000     0.000     0.000
     0.150     0.000     0.150     0.150     0.000     0.000     0.000
     0.150     0.000     0.150     0.150     0.000     0.000     0.000
     0.150     0.000     0.150     0.150     0.000     0.000     0.000
     0.150     0.000     0.150     0.150     0.000     0.000     0.000
     0.150     0.000     0.150     0.150     0.000     0.000     0.000
     0.150     0.000     0.150     0.150     0.000     0.000     0.000
     0.150     0.000     0.150     0.150     0.000     0.000     0.000
     0.150     0.000     0.150     0.150     0.000     0.000     0.000
     0.150     0.000     0.150     0.150     0.000     0.000     0.000
     0.150     0.000     0.150     0.150     0.000     0.000     0.000
     0.150     0.000     0.150     0.150     0.000     0.000     0.000
     0.150     0.000     0.150     0.150     0.000     0.000     0.000
     0.150     0.000     0.150     0.150     0.000     0.000     0.000
     0.150     0.000     0.150     0.150     0.000     0.000     0.000
     0.150     0.000     0.150     0.150     0.000     0.000     0.000
     0.150     0.000     0.150     0.150     0.000     0.000     0.000
     0.150     0.000     0.150     0.150     0.000     0.000     0.000
     0.150     0.000     0.150     0.150     0.000     0.000     0.000
     0.150     0.000     0.150     0.150     0.000     0.000     0.000
     0.150     0.000     0.150     0.150     0.000     0.000     0.000
     0.150     0.000     0.150     0.150     0.000     0.000     0.000
     0.150     0.000     0.150     0.150     0.000     0.000     0.000
     0.150     0.000     0.150     0.150     0.000     0.000     0.000
     0.150     0.000     0.150     0.150     0.000     0.000     0.000
     0.150     0.000     0.150     0.150     0.000     0.000     0.000
     0.150     0.000     0.150     0.150     0.000     0.000     0.000
     0.150     0.000     0.150     0.150     0.000     0.000     0.000
     0.150     0.000     0.150     0.150     0.000     0.000     0.000
     0.150     0.000     0.150     0.150     0.000     0.000     0.000
     0.150     0.000     0.150     0.150     0.000     0.000     0.000
     0.150     0.000     0.150     0.150     0.000     0.000     0.000
     0.150     0.000     0.150     0.150     0.000     0.000     0.000
     0.150     0.000     0.150     0.150     0.000     0.000     0.000
     0.150     0.000     0.150     0.150     0.000     0.000     0.000
     0.150     0.000     0.150     0.150     0.000     0.000     0.000
     0.150     0.000     0.150     0.150     0.000     0.000     0.000
     0.150     0.000     0.150     0.150     0.000     0.000     0.000
     0.150     0.000     0.150     0.150     0.000     0.000     0.000
     0.150     0.000     0.150     0.150     0.000     0.000     0.000
     0.150     0.000     0.150     0.150     0.000     0.000     0.000
     0.150     0.000     0.150     0.150     0.000     0.000     0.000
     0.150     0.000     0.150     0.150     0.000     0.000     0.000
     0.150     0.000     0.150     0.150     0.000     0.000     0.000
     0.150     0.000     0.150     0.150     0.000     0.000     0.000
     0.150     0.000     0.150     0.150     0.000     0.000     0.000
     0.150     0.000     0.150     0.150     0.000     0.000     0.000
     0.150     0.000     0.150     0.150     0.000     0.000     0.000
     0.150     0.000     0.150     0.150     0.000     0.000     0.000
     0.150     0.000     0.150     0.150     0.000     0.000     0.000
     0.150     0.000     0.150     0.150     0.000     0.000     0.000
     0.150     0.000     0.150     0.150     0.000     0.000     0.000
     0.150     0.000     0.150     0.150     0.000     0.000     0.000
     0.150     0.000     0.150     0.150     0.000     0.000     0.000
     0.150     0.000     0.150     0.150     0.000     0.000     0.000
     0.150     0.000     0.150     0.150     0.000     0.000     0.000
     0.150     0.000     0.150     0.150     0.000     0.000     0.000
     0.150     0.000     0.150     0.150     0.000     0.000     0.000
     0.150     0.000     0.150     0.150     0.000     0.000     0.000
     0.150     0.000     0.150     0.150     0.000     0.000     0.000
     0.150     0.000     0.150     0.150     0.000     0.000     0.000
     0.150     0.000     0.150     0.150     0.000     0.000     0.000
     0.150     0.000     0.150     0.150     0.000     0.000     0.000
     0.150     0.000     0.150     0.150     0.000     0.000     0.000
     0.150     0.000     0.150     0.150     0.000     0.000     0.000
     0.150     0.000     0.150     0.150     0.000     0.000     0.000
     0.150     0.000     0.150     0.150     0.000     0.000     0.000
     0.167     0.000     0.167     0.150     0.000     0.000     0.000
     0.184     0.000     0.184     0.150     0.000     0.000     0.000
     0.200     0.000     0.200     0.150     0.000     0.000     0.000
     0.217     0.000     0.217     0.150     0.000     0.000     0.000
     0.234     0.000     0.234     0.150     0.000     0.000     0.000
     0.251     0.000     0.251     0.150     0.000     0.000     0.000
     0.267     0.000     0.267     0.150     0.000     0.000     0.000
     0.284     0.000     0.284     0.150     0.000     0.000     0.000
     0.301     0.000     0.301     0.150     0.000     0.000     0.000
     0.318     0.000     0.318     0.150     0.000     0.000     0.000
     0.335     0.000     0.335     0.150     0.000     0.000     0.000
     0.351     0.000     0.351     0.150     0.000     0.000     0.000
     0.368     0.000     0.368     0.150     0.000     0.000     0.000
     0.385     0.000     0.385     0.150     0.000     0.000     0.000
     0.402     0.000     0.402     0.150     0.000     0.000     0.000
     0.418     0.000     0.418     0.150     0.000     0.000     0.000
     0.435     0.000     0.435     0.150     0.000     0.000     0.000
     0.452     0.000     0.452     0.150     0.000     0.000     0.000
     0.469     0.000     0.469     0.150     0.000     0.000     0.000
     0.486     0.000     0.486     0.150     0.000     0.000     0.000
     0.502     0.000     0.502     0.150     0.000     0.000     0.000
     0.519     0.000     0.519     0.150     0.000     0.000     0.000
     0.536     0.000     0.536     0.150     0.000     0.000     0.000
     0.553     0.000     0.553     0.150     0.000     0.000     0.000
     0.570     0.000     0.570     0.150     0.000     0.000     0.000
     0.586     0.000     0.586     0.150     0.000     0.000     0.000
     0.603     0.000     0.603     0.000     0.000     0.000     0.000
     0.620     0.000     0.620     0.000     0.000     0.000     0.000
     0.637     0.000     0.637     0.000     0.000     0.000     0.000
     0.653     0.000     0.653     0.000     0.000     0.000     0.000
     0.670     0.000     0.670     0.000     0.000     0.000     0.000
     0.687     0.000     0.687     0.000     0.000     0.000     0.000
     0.704     0.000     0.704     0.000     0.000     0.000     0.000
     0.721     0.000     0.721     0.000     0.000     0.000     0.000
     0.737     0.000     0.737     0.000     0.000     0.000     0.000
     0.754     0.000     0.754     0.000     0.000     0.000     0.000
     0.771     0.000     0.771     0.000     0.000     0.000     0.000
     0.788     0.000     0.788     0.000     0.000     0.000     0.000
     0.804     0.000     0.804     0.000     0.000     0.000     0.000
     0.821     0.000     0.821     0.000     0.000     0.000     0.000
     0.838     0.000     0.838     0.000     0.000     0.000     0.000
     0.855     0.000     0.855     0.000     0.000     0.000     0.000
     0.872     0.000     0.872     0.000     0.000     0.000     0.000
     0.888     0.000     0.888     0.000     0.000     0.000     0.000
     0.905     0.000     0.905     0.000     0.000     0.000     0.150
     0.922     0.000     0.922     0.000     0.000     0.000     0.350
     0.939     0.000     0.939     0.000     0.000     0.000     0.356
     0.955     0.000     0.955     0.000     0.000     0.000     0.361
     0.972     0.000     0.972     0.000     0.000     0.000     0.367
     0.989     0.000     0.000     0.000     0.000     0.000     0.372
     1.006     0.000     0.000     0.000     0.000     0.000     0.378
     1.023     0.000     0.000     0.000     0.000     0.000     0.383
     1.039     0.000     0.000     0.000     0.000     0.000     0.389
     1.056     0.000     0.000     0.000     0.000     0.000     0.394
     1.073     0.000     0.000     0.000     0.000     0.000     0.400
     1.090     0.000     0.000     0.000     0.000     0.000     0.405
     1.106     0.000     0.000     0.000     0.000     0.000     0.411
     1.106     0.000     0.000     0.000     0.000     0.000     0.416
     1.106     0.000     0.000     0.000     0.000     0.000     0.422
     1.106     0.000     0.000     0.000     0.000     0.000     0.427
     1.106     0.000     0.000     0.000     0.000     0.000     0.433
     1.106     0.000     0.000     0.000     0.000     0.000     0.439
     1.106     0.000     0.000     0.000     0.000     0.000     0.444
     1.106     0.000     0.000     0.000     0.000     0.000     0.450
     1.106     0.000     0.000     0.000     0.000     0.000     0.455
     1.106     0.000     0.000     0.000     0.000     0.000     0.461
     1.106     0.000     0.000     0.000     0.000     0.000     0.466
     1.106     0.000     0.000     0.000     0.000     0.000     0.472
     1.106     0.000     0.000     0.000     0.000     0.000     0.477
     1.106     0.150     0.150     0.150     0.000     0.000     0.483
     1.106     0.150     0.150     0.150     0.000     0.000     0.488
     1.106     0.150     0.150     0.150     0.000     0.000     0.494
     1.106     0.150     0.150     0.150     0.000     0.000     0.499
     1.106     0.150     0.150     0.150     0.000     0.000     0.505
     1.106     0.150     0.150     0.150     0.000     0.000     0.510
     1.106     0.150     0.150     0.150     0.000     0.000     0.516
     1.106     0.150     0.150     0.150     0.000     0.150     0.522
     1.106     0.150     0.150     0.150     0.000     0.164     0.533
     1.106     0.150     0.150     0.150     0.000     0.177     0.545
     1.106     0.150     0.150     0.150     0.000     0.191     0.556
     1.106     0.150     0.150     0.150     0.000     0.205     0.568
     1.106     0.150     0.150     0.150     0.000     0.218     0.579
     1.106     0.150     0.150     0.150     0.000     0.232     0.591
     1.106     0.150     0.150     0.150     0.000     0.245     0.602
     1.106     0.150     0.150     0.150     0.000     0.259     0.614
     1.106     0.150     0.150     0.150     0.000     0.273     0.625
     1.106     0.150     0.150     0.150     0.000     0.286     0.637
     1.106     0.150     0.150     0.150     0.000     0.300     0.648
     1.106     0.150     0.150     0.150     0.000     0.338     0.660
     1.106     0.150     0.150     0.150     0.000     0.377     0.671
     1.106     0.150     0.150     0.150     0.000     0.415     0.683
     1.106     0.150     0.150     0.150     0.000     0.454     0.694
     1.106     0.150     0.150     0.150     0.000     0.492     0.706
     1.106     0.175     0.175     0.175     0.000     0.531     0.717
     1.106     0.199     0.199     0.199     0.000     0.569     0.729
     1.106     0.224     0.224     0.224     0.000     0.607     0.741
     1.106     0.249     0.249     0.249     0.000     0.646     0.752
     1.106     0.273     0.273     0.273     0.000     0.684     0.764
     1.106     0.298     0.298     0.298     0.000     0.723     0.775
     1.106     0.323     0.323     0.323     0.000     0.761     0.787
     1.106     0.347     0.347     0.347     0.000     0.800     0.798
     1.106     0.372     0.372     0.372     0.000     0.838     0.810
     1.106     0.397     0.397     0.397     0.000     0.876     0.821
     1.106     0.421     0.421     0.421     0.000     0.915     0.833
     1.106     0.446     0.446     0.446     0.000     0.953     0.844
     1.106     0.471     0.471     0.471     0.000     0.992     0.856
     1.106     0.495     0.495     0.495     0.000     1.030     0.867
     1.106     0.520     0.520     0.520     0.000     1.069     0.879
     1.106     0.545     0.545     0.545     0.000     1.107     0.895
     1.106     0.569     0.569     0.569     0.000     1.107     0.910
     1.070     0.594     0.594     0.594     0.000     1.107     0.926
     1.033     0.619     0.619     0.619     0.000     1.107     0.942
     0.996     0.643     0.643     0.643     0.000     1.107     0.958
     0.959     0.668     0.668     0.668     0.000     1.107     0.974
     0.923     0.693     0.693     0.693     0.000     1.107     0.989
     0.886     0.717     0.717     0.717     0.000     1.107     1.005
     0.849     0.742     0.742     0.742     0.000     1.107     1.021
     0.812     0.767     0.767     0.767     0.000     1.107     1.037
     0.775     0.791     0.791     0.791     0.000     1.107     1.053
     0.739     0.816     0.816     0.816     0.000     1.107     1.068
     0.702     0.841     0.841     0.841     0.000     1.107     1.084
     0.665     0.865     0.865     0.865     0.000     1.107     1.100
     0.628     0.890     0.890     0.890     0.000     1.107     1.097
     0.591     0.915     0.915     0.915     0.000     1.107     1.095
     0.555     0.939     0.939     0.939     0.000     1.107     1.092
     0.518     0.964     0.964     0.964     0.000     1.107     1.089
     0.481     0.989     0.989     0.989     0.000     1.107     1.087
     0.444     1.013     1.013     1.013     0.000     1.107     1.084
     0.408     1.038     1.038     1.038     0.000     1.107     1.081
     0.371     1.063     1.063     1.063     0.000     1.107     1.079
     0.334     1.063     1.063     1.063     0.000     1.107     1.076
     0.297     1.063     1.063     1.063     0.000     1.107     1.073
     0.260     1.063     1.063     1.063     0.000     1.107     1.071
     0.224     1.063     1.063     1.063     0.000     1.107     1.068
     0.187     1.063     1.063     1.063     0.000     1.107     1.065
     0.150     1.063     1.063     1.063     0.000     1.107     1.063
     0.000     1.063     1.063     1.063     0.000     1.107     1.060
     0.000     1.063     1.063     1.063     0.000     1.107     1.057
     0.000     1.063     1.063     1.063     0.000     1.107     1.055
     0.000     1.063     1.063     1.063     0.000     1.107     1.052
     0.000     1.063     1.063     1.063     0.000     1.107     1.049
     0.000     1.063     1.063     1.063     0.000     1.107     1.047
     0.000     1.063     1.063     1.063     0.000     1.107     1.044
     0.000     1.063     1.063     1.063     0.000     1.107     1.041
     0.000     1.063     1.063     1.063     0.000     1.107     1.039
     0.000     1.063     1.063     1.063     0.000     1.107     1.036
     0.000     1.063     1.063     1.063     0.000     1.079     1.033
     0.000     1.063     1.063     1.063     0.000     1.051     1.031
     0.000     1.063     1.063     1.063     0.000     1.023     1.028
     0.000     1.063     1.063     1.063     0.000     0.995     1.025
     0.000     1.063     1.063     1.063     0.000     0.968     1.023
     0.000     1.063     1.063     1.063     0.000     0.940     1.020
     0.000     1.063     1.063     1.063     0.000     0.912     1.017
     0.000     1.063     1.063     1.063     0.000     0.884     1.015
     0.000     1.063     1.063     1.063     0.000     0.856     1.012
     0.000     1.063     1.063     1.063     0.000     0.828     1.009
     0.000     1.063     1.063     1.063     0.000     0.800     1.007
     0.000     1.063     1.063     1.063     0.000     0.772     1.004
     0.000     1.063     1.063     1.063     0.000     0.744     1.001
     0.000     1.063     1.063     1.063     0.000     0.716     0.999
     0.000     1.063     1.063     1.063     0.000     0.000     0.996
     0.000     1.063     1.063     1.063     0.000     0.000     0.993
     0.000     1.063     1.063     1.063     0.000     0.000     0.991
     0.000     1.063     1.063     1.063     0.000     0.000     0.988
     0.000     1.063     1.063     1.063     0.000     0.000     0.985
     0.000     1.063     1.063     1.063     0.000     0.000     0.983
     0.000     1.063     1.063     1.063     0.150     0.000     0.980
     0.000     1.063     1.063     1.063     0.150     0.000     0.977
     0.000     1.063     1.063     1.063     0.150     0.000     0.975
     0.000     1.063     1.063     1.063     0.150     0.000     0.972
     0.000     1.063     1.063     1.063     0.150     0.000     0.969
     0.000     1.063     1.063     1.063     0.150     0.000     0.967
     0.000     1.063     1.063     1.063     0.150     0.000     0.964
     0.000     1.063     1.063     1.063     0.150     0.000     0.961
     0.000     1.063     1.063     1.063     0.150     0.000     0.959
     0.000     1.015     1.015     1.015     0.186     0.000     0.956
     0.000     0.967     0.967     0.967     0.222     0.000     0.953
     0.000     0.919     0.919     0.919     0.258     0.000     0.951
     0.000     0.871     0.871     0.871     0.294     0.000     0.948
     0.000     0.823     0.823     0.823     0.331     0.000     0.945
     0.000     0.774     0.774     0.774     0.367     0.000     0.943
     0.000     0.726     0.726     0.726     0.403     0.000     0.940
     0.000     0.678     0.678     0.678     0.439     0.000     0.937
     0.000     0.630     0.630     0.630     0.475     0.000     0.935
     0.000     0.582     0.582     0.582     0.511     0.000     0.932
     0.000     0.534     0.534     0.534     0.547     0.000     0.929
     0.000     0.486     0.486     0.486     0.583     0.000     0.927
     0.000     0.438     0.438     0.438     0.619     0.000     0.924
     0.000     0.390     0.390     0.390     0.656     0.000     0.921
     0.000     0.342     0.342     0.342     0.692     0.000     0.919
     0.000     0.294     0.294     0.294     0.728     0.000     0.916
     0.000     0.246     0.246     0.246     0.764     0.000     0.913
     0.000     0.198     0.198     0.198     0.800     0.000     0.911
     0.000     0.150     0.150     0.150     0.836     0.000     0.908
     0.000     0.000     0.000     0.000     0.872     0.000     0.905
     0.000     0.000     0.000     0.000     0.908     0.000     0.903
     0.000     0.000     0.000     0.000     0.944     0.000     0.900
     0.000     0.000     0.000     0.000     0.981     0.000     0.897
     0.000     0.000     0.000     0.000     1.017     0.000     0.895
     0.000     0.000     0.000     0.000     1.053     0.000     0.892
     0.000     0.000     0.000     0.000     1.089     0.000     0.889
     0.000     0.000     0.000     0.000     1.089     0.000     0.887
     0.000     0.000     0.000     0.000     1.089     0.000     0.884
     0.000     0.000     0.000     0.000     1.089     0.000     0.881
     0.000     0.000     0.000     0.000     1.089     0.000     0.879
     0.000     0.000     0.000     0.000     1.089     0.000     0.876
     0.000     0.000     0.000     0.000     1.089     0.000     0.873
     0.000     0.000     0.000     0.000     1.089     0.000     0.871
     0.000     0.000     0.000     0.000     1.089     0.000     0.868
     0.000     0.000     0.000     0.000     1.089     0.000     0.860
     0.000     0.000     0.000     0.000     1.089     0.000     0.851
     0.000     0.000     0.000     0.000     1.089     0.000     0.843
     0.000     0.000     0.000     0.000     1.089     0.000     0.000
     0.000     0.000     0.000     0.000     1.089     0.000     0.000
     0.000     0.000     0.000     0.000     1.089     0.000     0.000
     0.000     0.000     0.000     0.000     1.089     0.000     0.000
     0.000     0.000     0.000     0.000     1.089     0.000     0.000
     0.000     0.000     0.000     0.000     1.089     0.000     0.000
     0.000     0.000     0.000     0.000     1.089     0.000     0.000
     0.000     0.000     0.000     0.000     1.089     0.000     0.000
     0.000     0.000     0.000     0.000     1.089     0.000     0.000
     0.000     0.000     0.000     0.000     1.089     0.000     0.000
     0.000     0.000     0.000     0.000     1.089     0.000     0.000
     0.000     0.000     0.000     0.000     1.089     0.000     0.000
     0.000     0.000     0.000     0.000     1.089     0.000     0.000
     0.000     0.000     0.000     0.000     1.089     0.000     0.000
     0.000     0.000     0.000     0.000     1.089     0.000     0.000
     0.000     0.000     0.000     0.000     1.089     0.000     0.000
     0.000     0.000     0.000     0.000     1.089     0.000     0.000
     0.000     0.000     0.000     0.000     1.089     0.000     0.000
     0.000     0.000     0.000     0.000     1.089     0.000     0.000
     0.000     0.000     0.000     0.000     1.089     0.000     0.000
     0.000     0.000     0.000     0.000     1.089     0.000     0.000
     0.000     0.000     0.000     0.000     1.089     0.000     0.000
     0.000     0.000     0.000     0.000     1.089     0.000     0.000
     0.000     0.000     0.000     0.000     1.089     0.000     0.000
     0.000     0.000     0.000     0.000     1.089     0.000     0.000
     0.000     0.000     0.000     0.000     1.089     0.000     0.000
     0.000     0.000     0.000     0.000     1.089     0.000     0.000
     0.000     0.000     0.000     0.000     1.089     0.000     0.000
     0.000     0.000     0.000     0.000     1.089     0.000     0.000
     0.000     0.000     0.000     0.000     1.089     0.000     0.000
     0.000     0.000     0.000     0.000     1.089     0.000     0.000
     0.000     0.000     0.000     0.000     1.089     0.000     0.000
     0.000     0.000     0.000     0.000     1.089     0.000     0.000
     0.000     0.000     0.000     0.000     1.089     0.000     0.000
     0.000     0.000     0.000     0.000     1.089     0.000     0.000
     0.000     0.000     0.000     0.000     1.089     0.000     0.000
     0.000     0.000     0.000     0.000     1.089     0.000     0.000
     0.000     0.000     0.000     0.000     1.089     0.000     0.000
     0.000     0.000     0.000     0.000     1.089     0.000     0.000
     0.000     0.000     0.000     0.000     1.089     0.000     0.000
     0.000     0.000     0.000     0.000     1.089     0.000     0.000
     0.000     0.000     0.000     0.000     1.089     0.000     0.000
     0.000     0.000     0.000     0.000     1.089     0.000     0.000
     0.000     0.000     0.000     0.000     1.089     0.000     0.000
     0.000     0.000     0.000     0.000     1.089     0.000     0.000
     0.000     0.000     0.000     0.000     1.089     0.000     0.000
     0.000     0.000     0.000     0.000     1.089     0.000     0.000
     0.000     0.000     0.000     0.000     1.089     0.000     0.000
     0.000     0.000     0.000     0.000     1.089     0.000     0.000
     0.075     0.000     0.075     0.150     1.089     0.000     0.000
     0.150     0.000     0.150     0.150     1.089     0.000     0.000
     0.150     0.000     0.150     0.150     1.089     0.000     0.000
     0.150     0.000     0.150     0.150     1.089     0.000     0.000
     0.150     0.000     0.150     0.150     1.089     0.000     0.000
     0.150     0.000     0.150     0.150     0.000     0.000     0.000
     0.150     0.000     0.150     0.150     0.000     0.000     0.000
     0.150     0.000     0.150     0.150     0.000     0.000     0.000
     0.150     0.000     0.150     0.150     0.000     0.000     0.000
     0.150     0.000     0.150     0.150     0.000     0.000     0.000
     0.150     0.000     0.150     0.150     0.000     0.000     0.000
     0.150     0.000     0.150     0.150     0.000     0.000     0.000
     0.150     0.000     0.150     0.150     0.000     0.000     0.000
     0.150     0.000     0.150     0.150     0.000     0.000     0.000
     0.150     0.000     0.150     0.150     0.000     0.000     0.000
     0.150     0.000     0.150     0.150     0.000     0.000     0.000
     0.150     0.000     0.150     0.150     0.000     0.000     0.000
     0.150     0.000     0.150     0.150     0.000     0.000     0.000
     0.150     0.000     0.150     0.150     0.000     0.000     0.000
     0.150     0.000     0.150     0.150     0.000     0.000     0.000
     0.150     0.000     0.150     0.150     0.000     0.000     0.000
     0.150     0.000     0.150     0.150     0.000     0.000     0.000
     0.157     0.000     0.157     0.150     0.000     0.000     0.000
     0.164     0.000     0.164     0.150     0.000     0.000     0.000
     0.172     0.000     0.172     0.150     0.000     0.000     0.000
     0.179     0.000     0.179     0.150     0.000     0.000     0.000
     0.186     0.000     0.186     0.150     0.000     0.000     0.000
     0.193     0.000     0.193     0.150     0.000     0.000     0.000
     0.200     0.000     0.200     0.150     0.000     0.000     0.000
     0.208     0.000     0.208     0.150     0.000     0.000     0.000
     0.215     0.000     0.215     0.151     0.000     0.000     0.000
     0.222     0.000     0.222     0.153     0.000     0.000     0.000
     0.229     0.000     0.229     0.154     0.000     0.000     0.000
     0.236     0.000     0.236     0.155     0.000     0.000     0.000
     0.243     0.000     0.243     0.157     0.000     0.000     0.000
     0.251     0.000     0.251     0.158     0.000     0.000     0.000
     0.258     0.000     0.258     0.159     0.000     0.000     0.000
     0.265     0.000     0.265     0.161     0.000     0.000     0.000
     0.272     0.000     0.272     0.162     0.000     0.000     0.000
     0.279     0.000     0.279     0.163     0.000     0.000     0.000
     0.287     0.000     0.287     0.165     0.000     0.000     0.000
     0.294     0.000     0.294     0.166     0.000     0.000     0.000
     0.301     0.000     0.301     0.168     0.000     0.000     0.000
     0.308     0.000     0.308     0.169     0.000     0.000     0.000
     0.315     0.000     0.315     0.170     0.000     0.000     0.000
     0.323     0.000     0.323     0.172     0.000     0.000     0.000
     0.330     0.000     0.330     0.173     0.000     0.000     0.000
     0.337     0.000     0.337     0.174     0.000     0.000     0.000
     0.344     0.000     0.344     0.176     0.000     0.000     0.000
     0.351     0.000     0.351     0.177     0.000     0.000     0.000
     0.359     0.000     0.359     0.178     0.000     0.000     0.000
     0.366     0.000     0.366     0.180     0.000     0.000     0.000
     0.373     0.000     0.373     0.181     0.000     0.000     0.000
     0.380     0.000     0.380     0.182     0.000     0.000     0.000
     0.387     0.000     0.387     0.184     0.000     0.000     0.000
     0.394     0.000     0.394     0.185     0.000     0.000     0.000
     0.402     0.000     0.402     0.186     0.000     0.000     0.000
     0.409     0.000     0.409     0.188     0.000     0.000     0.000
     0.416     0.000     0.416     0.189     0.000     0.000     0.000
     0.423     0.000     0.423     0.190     0.000     0.000     0.000
     0.430     0.000     0.430     0.192     0.000     0.000     0.000
     0.438     0.000     0.438     0.193     0.000     0.000     0.000
     0.445     0.000     0.445     0.195     0.000     0.000     0.000
     0.452     0.000     0.452     0.196     0.000     0.000     0.000
     0.459     0.000     0.459     0.197     0.000     0.000     0.000
     0.466     0.000     0.466     0.199     0.000     0.000     0.000
     0.474     0.000     0.474     0.200     0.000     0.000     0.000
     0.481     0.000     0.481     0.201     0.000     0.000     0.000
     0.488     0.000     0.488     0.203     0.000     0.000     0.000
     0.495     0.000     0.495     0.204     0.000     0.000     0.000
