 CrID_1 CrID_2 CrID_3 CrID_4 CrID_5 CrID_6 CrID_7
     0.050     0.000     0.050     0.138     0.000     0.000     0.000
     0.050     0.000     0.050     0.140     0.000     0.000     0.000
     0.050     0.000     0.050     0.141     0.000     0.000     0.000
     0.050     0.000     0.050     0.143     0.000     0.000     0.000
     0.050     0.000     0.050     0.145     0.000     0.000     0.000
     0.050     0.000     0.050     0.146     0.000     0.000     0.000
     0.050     0.000     0.050     0.148     0.000     0.000     0.000
     0.050     0.000     0.050     0.149     0.000     0.000     0.000
     0.050     0.000     0.050     0.151     0.000     0.000     0.000
     0.050     0.000     0.050     0.153     0.000     0.000     0.000
     0.050     0.000     0.050     0.154     0.000     0.000     0.000
     0.050     0.000     0.050     0.156     0.000     0.000     0.000
     0.050     0.000     0.050     0.158     0.000     0.000     0.000
     0.050     0.000     0.050     0.159     0.000     0.000     0.000
     0.050     0.000     0.050     0.161     0.000     0.000     0.000
     0.050     0.000     0.050     0.162     0.000     0.000     0.000
     0.050     0.000     0.050     0.164     0.000     0.000     0.000
     0.050     0.000     0.050     0.166     0.000     0.000     0.000
     0.050     0.000     0.050     0.167     0.000     0.000     0.000
     0.050     0.000     0.050     0.169     0.000     0.000     0.000
     0.050     0.000     0.050     0.170     0.000     0.000     0.000
     0.050     0.000     0.050     0.172     0.000     0.000     0.000
     0.050     0.000     0.050     0.174     0.000     0.000     0.000
     0.050     0.000     0.050     0.175     0.000     0.000     0.000
     0.050     0.000     0.050     0.177     0.000     0.000     0.000
     0.050     0.000     0.050     0.178     0.000     0.000     0.000
     0.050     0.000     0.050     0.180     0.000     0.000     0.000
     0.050     0.000     0.050     0.182     0.000     0.000     0.000
     0.050     0.000     0.050     0.183     0.000     0.000     0.000
     0.050     0.000     0.050     0.185     0.000     0.000     0.000
     0.050     0.000     0.050     0.186     0.000     0.000     0.000
     0.050     0.000     0.050     0.188     0.000     0.000     0.000
     0.050     0.000     0.050     0.190     0.000     0.000     0.000
     0.050     0.000     0.050     0.191     0.000     0.000     0.000
     0.050     0.000     0.050     0.193     0.000     0.000     0.000
     0.179     0.000     0.179     0.195     0.000     0.000     0.000
     0.307     0.000     0.307     0.196     0.000     0.000     0.000
     0.436     0.000     0.436     0.198     0.000     0.000     0.000
     0.565     0.000     0.565     0.199     0.000     0.000     0.000
     0.694     0.000     0.694     0.201     0.000     0.000     0.000
     0.822     0.000     0.822     0.203     0.000     0.000     0.000
     0.951     0.000     0.951     0.204     0.000     0.000     0.000
     1.080     0.000     1.080     0.206     0.000     0.000     0.000
     1.208     0.000     1.208     0.207     0.000     0.000     0.000
     1.337     0.000     1.337     0.209     0.000     0.000     0.000
     1.466     0.000     1.466     0.211     0.000     0.000     0.000
     1.594     0.000     1.594     0.212     0.000     0.000     0.000
     1.723     0.000     1.723     0.214     0.000     0.000     0.000
     1.852     0.000     1.852     0.215     0.000     0.000     0.000
     1.981     0.000     1.981     0.217     0.000     0.000     0.000
     2.109     0.000     2.109     0.219     0.000     0.000     0.000
     2.238     0.000     2.238     0.220     0.000     0.000     0.000
     2.367     0.000     2.367     0.222     0.000     0.000     0.000
     2.495     0.000     2.495     0.224     0.000     0.000     0.000
     2.624     0.000     2.624     0.225     0.000     0.000     0.000
     2.753     0.000     2.753     0.227     0.000     0.000     0.000
     2.881     0.000     2.881     0.228     0.000     0.000     0.000
     3.010     0.000     3.010     0.230     0.000     0.000     0.000
     3.139     0.000     3.139     0.232     0.000     0.000     0.000
     3.268     0.000     3.268     0.233     0.000     0.000     0.000
     3.396     0.000     3.396     0.000     0.000     0.000     0.000
     3.525     0.000     3.525     0.000     0.000     0.000     0.000
     3.654     0.000     3.654     0.000     0.000     0.000     0.000
     3.782     0.000     3.782     0.000     0.000     0.000     0.000
     3.911     0.000     3.911     0.000     0.000     0.000     0.000
     4.040     0.000     4.040     0.000     0.000     0.000     0.000
     4.169     0.000     4.169     0.000     0.000     0.000     0.000
     4.297     0.000     4.297     0.000     0.000     0.000     0.000
     4.426     0.000     4.426     0.000     0.000     0.000     0.000
     4.555     0.000     4.555     0.000     0.000     0.000     0.000
     4.683     0.000     4.683     0.000     0.000     0.000     0.000
     4.812     0.000     4.812     0.000     0.000     0.000     0.000
     4.941     0.000     4.941     0.000     0.000     0.000     0.000
     5.069     0.000     5.069     0.000     0.000     0.000     0.000
     5.198     0.000     5.198     0.000     0.000     0.000     0.000
     5.327     0.000     5.327     0.000     0.000     0.000     0.000
     5.456     0.000     5.456     0.000     0.000     0.000     0.000
     5.584     0.000     5.584     0.000     0.000     0.000     0.000
     5.713     0.000     5.713     0.000     0.000     0.000     0.000
     5.842     0.000     5.842     0.000     0.000     0.000     0.000
     5.970     0.000     5.970     0.000     0.000     0.000     0.000
     6.099     0.000     6.099     0.000     0.000     0.000     1.000
     6.228     0.000     6.228     0.000     0.000     0.000     1.030
     6.356     0.000     0.000     0.000     0.000     0.000     1.041
     6.485     0.000     0.000     0.000     0.000     0.000     1.052
     6.614     0.000     0.000     0.000     0.000     0.000     1.063
     6.743     0.000     0.000     0.000     0.000     0.000     1.074
     6.871     0.000     0.000     0.000     0.000     0.000     1.085
     7.000     0.000     0.000     0.000     0.000     0.000     1.096
     7.000     0.000     0.000     0.000     0.000     0.000     1.107
     7.000     0.000     0.000     0.000     0.000     0.000     1.118
     7.000     0.000     0.000     0.000     0.000     0.000     1.129
     7.000     0.000     0.000     0.000     0.000     0.000     1.140
     7.000     0.000     0.000     0.000     0.000     0.000     1.151
     7.000     0.000     0.000     0.000     0.000     0.000     1.162
     7.000     0.000     0.000     0.000     0.000     0.000     1.173
     7.000     0.000     0.000     0.000     0.000     0.000     1.184
     7.000     0.000     0.000     0.000     0.000     0.000     1.195
     7.000     0.000     0.000     0.000     0.000     0.000     1.205
     7.000     0.000     0.000     0.000     0.000     0.000     1.216
     7.000     0.017     0.017     0.017     0.000     0.000     1.227
     7.000     0.033     0.033     0.033     0.000     0.000     1.238
     7.000     0.050     0.050     0.050     0.000     0.000     1.249
     7.000     0.067     0.067     0.067     0.000     0.000     1.260
     7.000     0.083     0.083     0.083     0.000     0.000     1.271
     7.000     0.100     0.100     0.100     0.000     0.000     1.282
     7.000     0.117     0.117     0.117     0.000     0.000     1.293
     7.000     0.133     0.133     0.133     0.000     0.000     1.304
     7.000     0.150     0.150     0.150     0.000     0.000     1.315
     7.000     0.167     0.167     0.167     0.000     0.000     1.326
     7.000     0.183     0.183     0.183     0.000     0.200     1.337
     7.000     0.200     0.200     0.200     0.000     0.318     1.348
     7.000     0.217     0.217     0.217     0.000     0.436     1.359
     7.000     0.233     0.233     0.233     0.000     0.555     1.370
     7.000     0.250     0.250     0.250     0.000     0.673     1.462
     7.000     0.267     0.267     0.267     0.000     0.791     1.553
     7.000     0.283     0.283     0.283     0.000     0.909     1.645
     7.000     0.300     0.300     0.300     0.000     1.027     1.736
     7.000     0.317     0.317     0.317     0.000     1.145     1.828
     7.000     0.333     0.333     0.333     0.000     1.264     1.919
     7.000     0.350     0.350     0.350     0.000     1.382     2.011
     7.000     0.367     0.367     0.367     0.000     1.500     2.103
     7.000     0.383     0.383     0.383     0.000     1.589     2.194
     7.000     0.400     0.400     0.400     0.000     1.679     2.286
     7.000     0.417     0.417     0.417     0.000     1.768     2.377
     7.000     0.433     0.433     0.433     0.000     1.857     2.469
     7.000     0.450     0.450     0.450     0.000     1.946     2.561
     7.000     0.467     0.467     0.467     0.000     2.036     2.652
     7.000     0.483     0.483     0.483     0.000     2.125     2.744
     7.000     0.500     0.500     0.500     0.000     2.214     2.835
     7.000     0.607     0.607     0.607     0.000     2.304     2.927
     7.000     0.714     0.714     0.714     0.000     2.393     3.018
     7.000     0.820     0.820     0.820     0.000     2.482     3.110
     7.000     0.927     0.927     0.927     0.000     2.571     3.202
     7.000     1.034     1.034     1.034     0.000     2.661     3.293
     7.000     1.141     1.141     1.141     0.000     2.750     3.385
     7.000     1.248     1.248     1.248     0.000     2.839     3.476
     7.000     1.355     1.355     1.355     0.000     2.929     3.568
     7.000     1.461     1.461     1.461     0.000     3.018     3.659
     7.000     1.568     1.568     1.568     0.000     3.107     3.751
     7.000     1.675     1.675     1.675     0.000     3.196     3.843
     7.000     1.782     1.782     1.782     0.000     3.286     3.934
     7.000     1.889     1.889     1.889     0.000     3.375     4.026
     7.000     1.995     1.995     1.995     0.000     3.464     4.117
     7.000     2.102     2.102     2.102     0.000     3.554     4.209
     7.000     2.209     2.209     2.209     0.000     3.643     4.301
     7.000     2.316     2.316     2.316     0.000     3.732     4.392
     7.000     2.423     2.423     2.423     0.000     3.821     4.484
     7.000     2.530     2.530     2.530     0.000     3.911     4.575
     7.000     2.636     2.636     2.636     0.000     4.000     4.667
     6.735     2.743     2.743     2.743     0.000     3.987     4.758
     6.471     2.850     2.850     2.850     0.000     3.974     4.850
     6.206     2.957     2.957     2.957     0.000     3.961     4.861
     5.942     3.064     3.064     3.064     0.000     3.947     4.871
     5.677     3.170     3.170     3.170     0.000     3.934     4.882
     5.412     3.277     3.277     3.277     0.000     3.921     4.893
     5.148     3.384     3.384     3.384     0.000     3.908     4.904
     4.883     3.491     3.491     3.491     0.000     3.895     4.914
     4.619     3.598     3.598     3.598     0.000     3.882     4.925
     4.354     3.705     3.705     3.705     0.000     3.868     4.936
     4.089     3.811     3.811     3.811     0.000     3.855     4.946
     3.825     3.918     3.918     3.918     0.000     3.842     4.957
     3.560     4.025     4.025     4.025     0.000     3.829     4.968
     3.296     4.132     4.132     4.132     0.000     3.816     4.979
     3.031     4.239     4.239     4.239     0.000     3.803     4.989
     2.766     4.345     4.345     4.345     0.000     3.789     5.000
     2.502     4.452     4.452     4.452     0.000     3.776     4.993
     2.237     4.559     4.559     4.559     0.000     3.763     4.987
     1.973     4.666     4.666     4.666     0.000     3.750     4.980
     1.708     4.773     4.773     4.773     0.000     3.737     4.974
     1.443     4.880     4.880     4.880     0.000     3.724     4.967
     1.179     4.986     4.986     4.986     0.000     3.711     4.961
     0.914     5.093     5.093     5.093     0.000     3.697     4.954
     0.650     5.200     5.200     5.200     0.000     3.684     4.948
     0.385     5.190     5.190     5.190     0.000     3.671     4.941
     0.000     5.180     5.180     5.180     0.000     3.658     4.935
     0.000     5.171     5.171     5.171     0.000     3.645     4.928
     0.000     5.161     5.161     5.161     0.000     3.632     4.922
     0.000     5.151     5.151     5.151     0.000     3.618     4.915
     0.000     5.141     5.141     5.141     0.000     3.605     4.908
     0.000     5.131     5.131     5.131     0.000     3.592     4.902
     0.000     5.122     5.122     5.122     0.000     3.579     4.895
     0.000     5.112     5.112     5.112     0.000     3.566     4.889
     0.000     5.102     5.102     5.102     0.000     3.553     4.882
     0.000     5.092     5.092     5.092     0.000     3.539     4.876
     0.000     5.082     5.082     5.082     0.000     3.526     4.869
     0.000     5.073     5.073     5.073     0.000     3.513     4.863
     0.000     5.063     5.063     5.063     0.000     3.500     4.856
     0.000     5.053     5.053     5.053     0.000     3.375     4.850
     0.000     5.043     5.043     5.043     0.000     3.250     4.843
     0.000     5.033     5.033     5.033     0.000     3.125     4.836
     0.000     5.024     5.024     5.024     0.000     3.000     4.830
     0.000     5.014     5.014     5.014     0.000     2.875     4.823
     0.000     5.004     5.004     5.004     0.000     2.750     4.817
     0.000     4.994     4.994     4.994     0.000     2.625     4.810
     0.000     4.984     4.984     4.984     0.000     2.500     4.804
     0.000     4.975     4.975     4.975     0.000     2.375     4.797
     0.000     4.965     4.965     4.965     0.000     2.250     4.791
     0.000     4.955     4.955     4.955     0.000     2.125     4.784
     0.000     4.945     4.945     4.945     0.000     2.000     4.778
     0.000     4.935     4.935     4.935     0.000     1.875     4.771
     0.000     4.925     4.925     4.925     0.100     1.750     4.765
     0.000     4.916     4.916     4.916     0.140     1.625     4.758
     0.000     4.906     4.906     4.906     0.180     1.500     4.751
     0.000     4.896     4.896     4.896     0.220     0.000     4.745
     0.000     4.886     4.886     4.886     0.260     0.000     4.738
     0.000     4.876     4.876     4.876     0.300     0.000     4.732
     0.000     4.867     4.867     4.867     0.340     0.000     4.725
     0.000     4.857     4.857     4.857     0.380     0.000     4.719
     0.000     4.847     4.847     4.847     0.420     0.000     4.712
     0.000     4.837     4.837     4.837     0.460     0.000     4.706
     0.000     4.827     4.827     4.827     0.500     0.000     4.699
     0.000     4.818     4.818     4.818     0.613     0.000     4.693
     0.000     4.808     4.808     4.808     0.726     0.000     4.686
     0.000     4.798     4.798     4.798     0.839     0.000     4.680
     0.000     4.788     4.788     4.788     0.952     0.000     4.673
     0.000     4.778     4.778     4.778     1.065     0.000     4.666
     0.000     4.769     4.769     4.769     1.177     0.000     4.660
     0.000     4.759     4.759     4.759     1.290     0.000     4.653
     0.000     4.749     4.749     4.749     1.403     0.000     4.647
     0.000     4.739     4.739     4.739     1.516     0.000     4.640
     0.000     4.729     4.729     4.729     1.629     0.000     4.634
     0.000     4.720     4.720     4.720     1.742     0.000     4.627
     0.000     4.710     4.710     4.710     1.855     0.000     4.621
     0.000     4.700     4.700     4.700     1.968     0.000     4.614
     0.000     4.658     4.658     4.658     2.081     0.000     4.608
     0.000     4.617     4.617     4.617     2.194     0.000     4.601
     0.000     4.575     4.575     4.575     2.306     0.000     4.595
     0.000     4.533     4.533     4.533     2.419     0.000     4.588
     0.000     4.492     4.492     4.492     2.532     0.000     4.581
     0.000     4.450     4.450     4.450     2.645     0.000     4.575
     0.000     4.408     4.408     4.408     2.758     0.000     4.568
     0.000     4.367     4.367     4.367     2.871     0.000     4.562
     0.000     4.325     4.325     4.325     2.984     0.000     4.555
     0.000     4.283     4.283     4.283     3.097     0.000     4.549
     0.000     4.242     4.242     4.242     3.210     0.000     4.542
     0.000     4.200     4.200     4.200     3.323     0.000     4.536
     0.000     4.158     4.158     4.158     3.435     0.000     4.529
     0.000     4.117     4.117     4.117     3.548     0.000     4.523
     0.000     4.075     4.075     4.075     3.661     0.000     4.516
     0.000     4.033     4.033     4.033     3.774     0.000     4.509
     0.000     3.992     3.992     3.992     3.887     0.000     4.503
     0.000     3.950     3.950     3.950     4.000     0.000     4.496
     0.000     3.908     3.908     3.908     4.010     0.000     4.490
     0.000     3.867     3.867     3.867     4.020     0.000     4.483
     0.000     3.825     3.825     3.825     4.030     0.000     4.477
     0.000     3.783     3.783     3.783     4.040     0.000     4.470
     0.000     3.742     3.742     3.742     4.050     0.000     4.464
     0.000     3.700     3.700     3.700     4.060     0.000     4.457
     0.000     0.000     0.000     0.000     4.070     0.000     4.451
     0.000     0.000     0.000     0.000     4.080     0.000     0.000
     0.000     0.000     0.000     0.000     4.090     0.000     0.000
     0.000     0.000     0.000     0.000     4.100     0.000     0.000
     0.000     0.000     0.000     0.000     4.110     0.000     0.000
     0.000     0.000     0.000     0.000     4.121     0.000     0.000
     0.000     0.000     0.000     0.000     4.131     0.000     0.000
     0.000     0.000     0.000     0.000     4.141     0.000     0.000
     0.000     0.000     0.000     0.000     4.151     0.000     0.000
     0.000     0.000     0.000     0.000     4.161     0.000     0.000
     0.000     0.000     0.000     0.000     4.171     0.000     0.000
     0.000     0.000     0.000     0.000     4.181     0.000     0.000
     0.000     0.000     0.000     0.000     4.191     0.000     0.000
     0.000     0.000     0.000     0.000     4.201     0.000     0.000
     0.000     0.000     0.000     0.000     4.211     0.000     0.000
     0.000     0.000     0.000     0.000     4.221     0.000     0.000
     0.000     0.000     0.000     0.000     4.231     0.000     0.000
     0.000     0.000     0.000     0.000     4.241     0.000     0.000
     0.000     0.000     0.000     0.000     4.251     0.000     0.000
     0.000     0.000     0.000     0.000     4.261     0.000     0.000
     0.000     0.000     0.000     0.000     4.271     0.000     0.000
     0.000     0.000     0.000     0.000     4.281     0.000     0.000
     0.000     0.000     0.000     0.000     4.291     0.000     0.000
     0.000     0.000     0.000     0.000     4.301     0.000     0.000
     0.000     0.000     0.000     0.000     4.311     0.000     0.000
     0.000     0.000     0.000     0.000     4.321     0.000     0.000
     0.000     0.000     0.000     0.000     4.331     0.000     0.000
     0.000     0.000     0.000     0.000     4.341     0.000     0.000
     0.000     0.000     0.000     0.000     4.352     0.000     0.000
     0.000     0.000     0.000     0.000     4.362     0.000     0.000
     0.000     0.000     0.000     0.000     4.372     0.000     0.000
     0.000     0.000     0.000     0.000     4.382     0.000     0.000
     0.000     0.000     0.000     0.000     4.392     0.000     0.000
     0.000     0.000     0.000     0.000     4.402     0.000     0.000
     0.000     0.000     0.000     0.000     4.412     0.000     0.000
     0.000     0.000     0.000     0.000     4.422     0.000     0.000
     0.000     0.000     0.000     0.000     4.432     0.000     0.000
     0.000     0.000     0.000     0.000     4.442     0.000     0.000
     0.000     0.000     0.000     0.000     4.452     0.000     0.000
     0.000     0.000     0.000     0.000     4.462     0.000     0.000
     0.000     0.000     0.000     0.000     4.472     0.000     0.000
     0.000     0.000     0.000     0.000     4.482     0.000     0.000
     0.000     0.000     0.000     0.000     4.492     0.000     0.000
     0.000     0.000     0.000     0.000     4.502     0.000     0.000
     0.000     0.000     0.000     0.000     4.512     0.000     0.000
     0.000     0.000     0.000     0.000     4.522     0.000     0.000
     0.000     0.000     0.000     0.000     4.532     0.000     0.000
     0.000     0.000     0.000     0.000     4.542     0.000     0.000
     0.000     0.000     0.000     0.000     4.552     0.000     0.000
     0.000     0.000     0.000     0.000     4.562     0.000     0.000
     0.017     0.000     0.017     0.000     4.572     0.000     0.000
     0.033     0.000     0.033     0.000     0.000     0.000     0.000
     0.050     0.000     0.050     0.000     0.000     0.000     0.000
     0.050     0.000     0.050     0.000     0.000     0.000     0.000
     0.050     0.000     0.050     0.000     0.000     0.000     0.000
     0.050     0.000     0.050     0.000     0.000     0.000     0.000
     0.050     0.000     0.050     0.000     0.000     0.000     0.000
     0.050     0.000     0.050     0.000     0.000     0.000     0.000
     0.050     0.000     0.050     0.000     0.000     0.000     0.000
     0.050     0.000     0.050     0.000     0.000     0.000     0.000
     0.050     0.000     0.050     0.000     0.000     0.000     0.000
     0.050     0.000     0.050     0.006     0.000     0.000     0.000
     0.050     0.000     0.050     0.013     0.000     0.000     0.000
     0.050     0.000     0.050     0.019     0.000     0.000     0.000
     0.050     0.000     0.050     0.025     0.000     0.000     0.000
     0.050     0.000     0.050     0.031     0.000     0.000     0.000
     0.050     0.000     0.050     0.038     0.000     0.000     0.000
     0.050     0.000     0.050     0.044     0.000     0.000     0.000
     0.050     0.000     0.050     0.050     0.000     0.000     0.000
     0.050     0.000     0.050     0.056     0.000     0.000     0.000
     0.050     0.000     0.050     0.062     0.000     0.000     0.000
     0.050     0.000     0.050     0.064     0.000     0.000     0.000
     0.050     0.000     0.050     0.066     0.000     0.000     0.000
     0.050     0.000     0.050     0.068     0.000     0.000     0.000
     0.050     0.000     0.050     0.070     0.000     0.000     0.000
     0.050     0.000     0.050     0.071     0.000     0.000     0.000
     0.050     0.000     0.050     0.073     0.000     0.000     0.000
     0.050     0.000     0.050     0.075     0.000     0.000     0.000
     0.050     0.000     0.050     0.077     0.000     0.000     0.000
     0.050     0.000     0.050     0.079     0.000     0.000     0.000
     0.050     0.000     0.050     0.080     0.000     0.000     0.000
     0.050     0.000     0.050     0.082     0.000     0.000     0.000
     0.050     0.000     0.050     0.084     0.000     0.000     0.000
     0.050     0.000     0.050     0.086     0.000     0.000     0.000
     0.050     0.000     0.050     0.087     0.000     0.000     0.000
     0.050     0.000     0.050     0.089     0.000     0.000     0.000
     0.050     0.000     0.050     0.091     0.000     0.000     0.000
     0.050     0.000     0.050     0.093     0.000     0.000     0.000
     0.050     0.000     0.050     0.095     0.000     0.000     0.000
     0.050     0.000     0.050     0.096     0.000     0.000     0.000
     0.050     0.000     0.050     0.098     0.000     0.000     0.000
     0.050     0.000     0.050     0.100     0.000     0.000     0.000
     0.050     0.000     0.050     0.102     0.000     0.000     0.000
     0.050     0.000     0.050     0.103     0.000     0.000     0.000
     0.050     0.000     0.050     0.105     0.000     0.000     0.000
     0.050     0.000     0.050     0.107     0.000     0.000     0.000
     0.050     0.000     0.050     0.109     0.000     0.000     0.000
     0.050     0.000     0.050     0.111     0.000     0.000     0.000
     0.050     0.000     0.050     0.112     0.000     0.000     0.000
     0.050     0.000     0.050     0.114     0.000     0.000     0.000
     0.050     0.000     0.050     0.116     0.000     0.000     0.000
     0.050     0.000     0.050     0.118     0.000     0.000     0.000
     0.050     0.000     0.050     0.120     0.000     0.000     0.000
     0.050     0.000     0.050     0.121     0.000     0.000     0.000
     0.050     0.000     0.050     0.123     0.000     0.000     0.000
     0.050     0.000     0.050     0.125     0.000     0.000     0.000
     0.050     0.000     0.050     0.127     0.000     0.000     0.000
     0.050     0.000     0.050     0.128     0.000     0.000     0.000
     0.050     0.000     0.050     0.130     0.000     0.000     0.000
     0.050     0.000     0.050     0.132     0.000     0.000     0.000
     0.050     0.000     0.050     0.134     0.000     0.000     0.000
     0.050     0.000     0.050     0.136     0.000     0.000     0.000
     0.050     0.000     0.050     0.137     0.000     0.000     0.000
     0.050     0.000     0.050     0.139     0.000     0.000     0.000
     0.050     0.000     0.050     0.141     0.000     0.000     0.000
     0.050     0.000     0.050     0.143     0.000     0.000     0.000
     0.050     0.000     0.050     0.144     0.000     0.000     0.000
     0.050     0.000     0.050     0.146     0.000     0.000     0.000
     0.050     0.000     0.050     0.148     0.000     0.000     0.000
     0.050     0.000     0.050     0.150     0.000     0.000     0.000
     0.050     0.000     0.050     0.152     0.000     0.000     0.000
     0.050     0.000     0.050     0.153     0.000     0.000     0.000
     0.050     0.000     0.050     0.155     0.000     0.000     0.000
     0.050     0.000     0.050     0.157     0.000     0.000     0.000
     0.050     0.000     0.050     0.159     0.000     0.000     0.000
     0.050     0.000     0.050     0.160     0.000     0.000     0.000
     0.050     0.000     0.050     0.162     0.000     0.000     0.000
     0.050     0.000     0.050     0.164     0.000     0.000     0.000
     0.050     0.000     0.050     0.166     0.000     0.000     0.000
     0.050     0.000     0.050     0.168     0.000     0.000     0.000
     0.050     0.000     0.050     0.169     0.000     0.000     0.000
     0.050     0.000     0.050     0.171     0.000     0.000     0.000
     0.050     0.000     0.050     0.173     0.000     0.000     0.000
     0.050     0.000     0.050     0.175     0.000     0.000     0.000
     0.050     0.000     0.050     0.177     0.000     0.000     0.000
     0.050     0.000     0.050     0.178     0.000     0.000     0.000
     0.050     0.000     0.050     0.180     0.000     0.000     0.000
     0.050     0.000     0.050     0.182     0.000     0.000     0.000
     0.050     0.000     0.050     0.184     0.000     0.000     0.000
     0.050     0.000     0.050     0.185     0.000     0.000     0.000
     0.050     0.000     0.050     0.187     0.000     0.000     0.000
     0.050     0.000     0.050     0.189     0.000     0.000     0.000
     0.050     0.000     0.050     0.191     0.000     0.000     0.000
     0.050     0.000     0.050     0.193     0.000     0.000     0.000
     0.050     0.000     0.050     0.194     0.000     0.000     0.000
     0.050     0.000     0.050     0.196     0.000     0.000     0.000
     0.050     0.000     0.050     0.198     0.000     0.000     0.000
     0.050     0.000     0.050     0.200     0.000     0.000     0.000
     0.050     0.000     0.050     0.201     0.000     0.000     0.000
     0.050     0.000     0.050     0.203     0.000     0.000     0.000
     0.172     0.000     0.172     0.205     0.000     0.000     0.000
     0.294     0.000     0.294     0.207     0.000     0.000     0.000
     0.416     0.000     0.416     0.209     0.000     0.000     0.000
     0.538     0.000     0.538     0.210     0.000     0.000     0.000
     0.660     0.000     0.660     0.212     0.000     0.000     0.000
     0.782     0.000     0.782     0.214     0.000     0.000     0.000
     0.904     0.000     0.904     0.216     0.000     0.000     0.000
     1.025     0.000     1.025     0.217     0.000     0.000     0.000
     1.147     0.000     1.147     0.219     0.000     0.000     0.000
     1.269     0.000     1.269     0.221     0.000     0.000     0.000
     1.391     0.000     1.391     0.223     0.000     0.000     0.000
     1.513     0.000     1.513     0.225     0.000     0.000     0.000
     1.635     0.000     1.635     0.226     0.000     0.000     0.000
     1.757     0.000     1.757     0.228     0.000     0.000     0.000
     1.879     0.000     1.879     0.230     0.000     0.000     0.000
     2.001     0.000     2.001     0.232     0.000     0.000     0.000
     2.123     0.000     2.123     0.234     0.000     0.000     0.000
     2.245     0.000     2.245     0.235     0.000     0.000     0.000
     2.367     0.000     2.367     0.237     0.000     0.000     0.000
     2.489     0.000     2.489     0.239     0.000     0.000     0.000
     2.611     0.000     2.611     0.241     0.000     0.000     0.000
     2.732     0.000     2.732     0.242     0.000     0.000     0.000
     2.854     0.000     2.854     0.244     0.000     0.000     0.000
     2.976     0.000     2.976     0.246     0.000     0.000     0.000
     3.098     0.000     3.098     0.248     0.000     0.000     0.000
     3.220     0.000     3.220     0.250     0.000     0.000     0.000
     3.342     0.000     3.342     0.000     0.000     0.000     0.000
     3.464     0.000     3.464     0.000     0.000     0.000     0.000
     3.586     0.000     3.586     0.000     0.000     0.000     0.000
     3.708     0.000     3.708     0.000     0.000     0.000     0.000
     3.830     0.000     3.830     0.000     0.000     0.000     0.000
     3.952     0.000     3.952     0.000     0.000     0.000     0.000
     4.074     0.000     4.074     0.000     0.000     0.000     0.000
     4.196     0.000     4.196     0.000     0.000     0.000     0.000
     4.318     0.000     4.318     0.000     0.000     0.000     0.000
     4.439     0.000     4.439     0.000     0.000     0.000     0.000
     4.561     0.000     4.561     0.000     0.000     0.000     0.000
     4.683     0.000     4.683     0.000     0.000     0.000     0.000
     4.805     0.000     4.805     0.000     0.000     0.000     0.000
     4.927     0.000     4.927     0.000     0.000     0.000     0.000
     5.049     0.000     5.049     0.000     0.000     0.000     0.000
     5.171     0.000     5.171     0.000     0.000     0.000     0.000
     5.293     0.000     5.293     0.000     0.000     0.000     0.000
     5.415     0.000     5.415     0.000     0.000     0.000     0.000
     5.537     0.000     5.537     0.000     0.000     0.000     1.000
     5.659     0.000     5.659     0.000     0.000     0.000     1.030
     5.781     0.000     5.781     0.000     0.000     0.000     1.041
     5.903     0.000     5.903     0.000     0.000     0.000     1.052
     6.025     0.000     6.025     0.000     0.000     0.000     1.063
     6.146     0.000     0.000     0.000     0.000     0.000     1.074
     6.268     0.000     0.000     0.000     0.000     0.000     1.085
     6.390     0.000     0.000     0.000     0.000     0.000     1.096
     6.512     0.000     0.000     0.000     0.000     0.000     1.107
     6.634     0.000     0.000     0.000     0.000     0.000     1.118
     6.756     0.000     0.000     0.000     0.000     0.000     1.129
     6.878     0.000     0.000     0.000     0.000     0.000     1.140
     7.000     0.000     0.000     0.000     0.000     0.000     1.151
     7.000     0.000     0.000     0.000     0.000     0.000     1.162
     7.000     0.000     0.000     0.000     0.000     0.000     1.173
     7.000     0.000     0.000     0.000     0.000     0.000     1.184
     7.000     0.000     0.000     0.000     0.000     0.000     1.195
     7.000     0.000     0.000     0.000     0.000     0.000     1.205
     7.000     0.000     0.000     0.000     0.000     0.000     1.216
     7.000     0.000     0.000     0.000     0.000     0.000     1.227
     7.000     0.000     0.000     0.000     0.000     0.000     1.238
     7.000     0.000     0.000     0.000     0.000     0.000     1.249
     7.000     0.000     0.000     0.000     0.000     0.000     1.260
     7.000     0.000     0.000     0.000     0.000     0.000     1.271
     7.000     0.000     0.000     0.000     0.000     0.000     1.282
     7.000     0.050     0.050     0.050     0.000     0.000     1.293
     7.000     0.070     0.070     0.070     0.000     0.000     1.304
     7.000     0.089     0.089     0.089     0.000     0.000     1.315
     7.000     0.109     0.109     0.109     0.000     0.000     1.326
     7.000     0.128     0.128     0.128     0.000     0.000     1.337
     7.000     0.148     0.148     0.148     0.000     0.000     1.348
     7.000     0.167     0.167     0.167     0.000     0.000     1.359
     7.000     0.187     0.187     0.187     0.000     0.200     1.370
     7.000     0.207     0.207     0.207     0.000     0.318     1.482
     7.000     0.226     0.226     0.226     0.000     0.436     1.595
     7.000     0.246     0.246     0.246     0.000     0.555     1.707
     7.000     0.265     0.265     0.265     0.000     0.673     1.819
     7.000     0.285     0.285     0.285     0.000     0.791     1.931
     7.000     0.304     0.304     0.304     0.000     0.909     2.044
     7.000     0.324     0.324     0.324     0.000     1.027     2.156
     7.000     0.343     0.343     0.343     0.000     1.145     2.268
     7.000     0.363     0.363     0.363     0.000     1.264     2.380
     7.000     0.383     0.383     0.383     0.000     1.382     2.493
     7.000     0.402     0.402     0.402     0.000     1.500     2.605
     7.000     0.422     0.422     0.422     0.000     1.619     2.717
     7.000     0.441     0.441     0.441     0.000     1.738     2.829
     7.000     0.461     0.461     0.461     0.000     1.857     2.942
     7.000     0.480     0.480     0.480     0.000     1.976     3.054
     7.000     0.500     0.500     0.500     0.000     2.095     3.166
     7.000     0.627     0.627     0.627     0.000     2.214     3.278
     7.000     0.754     0.754     0.754     0.000     2.333     3.391
     7.000     0.881     0.881     0.881     0.000     2.452     3.503
     7.000     1.008     1.008     1.008     0.000     2.571     3.615
     7.000     1.135     1.135     1.135     0.000     2.690     3.727
     7.000     1.262     1.262     1.262     0.000     2.810     3.840
     7.000     1.389     1.389     1.389     0.000     2.929     3.952
     7.000     1.516     1.516     1.516     0.000     3.048     4.064
     7.000     1.643     1.643     1.643     0.000     3.167     4.176
     7.000     1.770     1.770     1.770     0.000     3.286     4.289
     7.000     1.897     1.897     1.897     0.000     3.405     4.401
     7.000     2.024     2.024     2.024     0.000     3.524     4.513
     7.000     2.151     2.151     2.151     0.000     3.643     4.625
     7.000     2.278     2.278     2.278     0.000     3.762     4.738
     7.000     2.405     2.405     2.405     0.000     3.881     4.850
     7.000     2.532     2.532     2.532     0.000     4.000     4.861
     7.000     2.659     2.659     2.659     0.000     3.986     4.871
     6.746     2.786     2.786     2.786     0.000     3.973     4.882
     6.491     2.914     2.914     2.914     0.000     3.959     4.893
     6.237     3.041     3.041     3.041     0.000     3.946     4.904
     5.982     3.168     3.168     3.168     0.000     3.932     4.914
     5.728     3.295     3.295     3.295     0.000     3.919     4.925
     5.473     3.422     3.422     3.422     0.000     3.905     4.936
     5.219     3.549     3.549     3.549     0.000     3.892     4.946
     4.965     3.676     3.676     3.676     0.000     3.878     4.957
     4.710     3.803     3.803     3.803     0.000     3.865     4.968
     4.456     3.930     3.930     3.930     0.000     3.851     4.979
     4.201     4.057     4.057     4.057     0.000     3.838     4.989
     3.947     4.184     4.184     4.184     0.000     3.824     5.000
     3.692     4.311     4.311     4.311     0.000     3.811     4.993
     3.438     4.438     4.438     4.438     0.000     3.797     4.986
     3.184     4.565     4.565     4.565     0.000     3.784     4.978
     2.929     4.692     4.692     4.692     0.000     3.770     4.971
     2.675     4.819     4.819     4.819     0.000     3.757     4.964
     2.420     4.946     4.946     4.946     0.000     3.743     4.957
     2.166     5.073     5.073     5.073     0.000     3.730     4.949
     1.912     5.200     5.200     5.200     0.000     3.716     4.942
     1.657     5.189     5.189     5.189     0.000     3.703     4.935
     1.403     5.178     5.178     5.178     0.000     3.689     4.928
     1.148     5.167     5.167     5.167     0.000     3.676     4.920
     0.894     5.156     5.156     5.156     0.000     3.662     4.913
     0.639     5.144     5.144     5.144     0.000     3.649     4.906
     0.385     5.133     5.133     5.133     0.000     3.635     4.899
     0.000     5.122     5.122     5.122     0.000     3.622     4.891
     0.000     5.111     5.111     5.111     0.000     3.608     4.884
     0.000     5.100     5.100     5.100     0.000     3.595     4.877
     0.000     5.089     5.089     5.089     0.000     3.581     4.870
     0.000     5.078     5.078     5.078     0.000     3.568     4.862
     0.000     5.067     5.067     5.067     0.000     3.554     4.855
     0.000     5.056     5.056     5.056     0.000     3.541     4.848
     0.000     5.044     5.044     5.044     0.000     3.527     4.841
     0.000     5.033     5.033     5.033     0.000     3.514     4.833
     0.000     5.022     5.022     5.022     0.000     3.500     4.826
     0.000     5.011     5.011     5.011     0.000     3.357     4.819
     0.000     5.000     5.000     5.000     0.000     3.214     4.812
     0.000     4.989     4.989     4.989     0.000     3.071     4.804
     0.000     4.978     4.978     4.978     0.000     2.929     4.797
     0.000     4.967     4.967     4.967     0.000     2.786     4.790
     0.000     4.956     4.956     4.956     0.000     2.643     4.783
     0.000     4.944     4.944     4.944     0.000     2.500     4.776
     0.000     4.933     4.933     4.933     0.000     2.357     4.768
     0.000     4.922     4.922     4.922     0.000     2.214     4.761
     0.000     4.911     4.911     4.911     0.000     2.071     4.754
     0.000     4.900     4.900     4.900     0.000     1.929     4.747
     0.000     4.889     4.889     4.889     0.000     1.786     4.739
     0.000     4.878     4.878     4.878     0.000     1.643     4.732
     0.000     4.867     4.867     4.867     0.000     1.500     4.725
     0.000     4.856     4.856     4.856     0.000     0.000     4.718
     0.000     4.844     4.844     4.844     0.000     0.000     4.710
     0.000     4.833     4.833     4.833     0.000     0.000     4.703
     0.000     4.822     4.822     4.822     0.000     0.000     4.696
     0.000     4.811     4.811     4.811     0.000     0.000     4.689
     0.000     4.800     4.800     4.800     0.000     0.000     4.681
     0.000     4.789     4.789     4.789     0.100     0.000     4.674
     0.000     4.778     4.778     4.778     0.150     0.000     4.667
     0.000     4.767     4.767     4.767     0.200     0.000     4.660
     0.000     4.756     4.756     4.756     0.250     0.000     4.652
     0.000     4.744     4.744     4.744     0.300     0.000     4.645
     0.000     4.733     4.733     4.733     0.350     0.000     4.638
     0.000     4.722     4.722     4.722     0.400     0.000     4.631
     0.000     4.711     4.711     4.711     0.450     0.000     4.623
     0.000     4.700     4.700     4.700     0.500     0.000     4.616
     0.000     4.647     4.647     4.647     0.635     0.000     4.609
     0.000     4.595     4.595     4.595     0.769     0.000     4.602
     0.000     4.542     4.542     4.542     0.904     0.000     4.594
     0.000     4.489     4.489     4.489     1.038     0.000     4.587
     0.000     4.437     4.437     4.437     1.173     0.000     4.580
     0.000     4.384     4.384     4.384     1.308     0.000     4.573
     0.000     4.332     4.332     4.332     1.442     0.000     4.566
     0.000     4.279     4.279     4.279     1.577     0.000     4.558
     0.000     4.226     4.226     4.226     1.712     0.000     4.551
     0.000     4.174     4.174     4.174     1.846     0.000     4.544
     0.000     4.121     4.121     4.121     1.981     0.000     4.537
     0.000     4.068     4.068     4.068     2.115     0.000     4.529
     0.000     4.016     4.016     4.016     2.250     0.000     4.522
     0.000     3.963     3.963     3.963     2.385     0.000     4.515
     0.000     3.911     3.911     3.911     2.519     0.000     4.508
     0.000     3.858     3.858     3.858     2.654     0.000     4.500
     0.000     3.805     3.805     3.805     2.788     0.000     4.493
     0.000     3.753     3.753     3.753     2.923     0.000     4.486
     0.000     3.700     3.700     3.700     3.058     0.000     4.479
     0.000     0.000     0.000     0.000     3.192     0.000     4.471
     0.000     0.000     0.000     0.000     3.327     0.000     4.464
     0.000     0.000     0.000     0.000     3.462     0.000     4.457
     0.000     0.000     0.000     0.000     3.596     0.000     4.450
     0.000     0.000     0.000     0.000     3.731     0.000     4.442
     0.000     0.000     0.000     0.000     3.865     0.000     4.435
     0.000     0.000     0.000     0.000     4.000     0.000     4.428
     0.000     0.000     0.000     0.000     4.012     0.000     4.421
     0.000     0.000     0.000     0.000     4.025     0.000     4.413
     0.000     0.000     0.000     0.000     4.037     0.000     4.406
     0.000     0.000     0.000     0.000     4.049     0.000     4.399
     0.000     0.000     0.000     0.000     4.062     0.000     4.392
     0.000     0.000     0.000     0.000     4.074     0.000     4.384
     0.000     0.000     0.000     0.000     4.087     0.000     4.377
     0.000     0.000     0.000     0.000     4.099     0.000     4.370
     0.000     0.000     0.000     0.000     4.111     0.000     3.280
     0.000     0.000     0.000     0.000     4.124     0.000     2.190
     0.000     0.000     0.000     0.000     4.136     0.000     1.100
     0.000     0.000     0.000     0.000     4.148     0.000     0.000
     0.000     0.000     0.000     0.000     4.161     0.000     0.000
     0.000     0.000     0.000     0.000     4.173     0.000     0.000
     0.000     0.000     0.000     0.000     4.185     0.000     0.000
     0.000     0.000     0.000     0.000     4.198     0.000     0.000
     0.000     0.000     0.000     0.000     4.210     0.000     0.000
     0.000     0.000     0.000     0.000     4.222     0.000     0.000
     0.000     0.000     0.000     0.000     4.235     0.000     0.000
     0.000     0.000     0.000     0.000     4.247     0.000     0.000
     0.000     0.000     0.000     0.000     4.260     0.000     0.000
     0.000     0.000     0.000     0.000     4.272     0.000     0.000
     0.000     0.000     0.000     0.000     4.284     0.000     0.000
     0.000     0.000     0.000     0.000     4.297     0.000     0.000
     0.000     0.000     0.000     0.000     4.309     0.000     0.000
     0.000     0.000     0.000     0.000     4.321     0.000     0.000
     0.000     0.000     0.000     0.000     4.334     0.000     0.000
     0.000     0.000     0.000     0.000     4.346     0.000     0.000
     0.000     0.000     0.000     0.000     4.358     0.000     0.000
     0.000     0.000     0.000     0.000     4.371     0.000     0.000
     0.000     0.000     0.000     0.000     4.383     0.000     0.000
     0.000     0.000     0.000     0.000     4.396     0.000     0.000
     0.000     0.000     0.000     0.000     4.408     0.000     0.000
     0.000     0.000     0.000     0.000     4.420     0.000     0.000
     0.000     0.000     0.000     0.000     4.433     0.000     0.000
     0.000     0.000     0.000     0.000     4.445     0.000     0.000
     0.000     0.000     0.000     0.000     4.457     0.000     0.000
     0.000     0.000     0.000     0.000     4.470     0.000     0.000
     0.000     0.000     0.000     0.000     4.482     0.000     0.000
     0.000     0.000     0.000     0.000     4.494     0.000     0.000
     0.000     0.000     0.000     0.000     4.507     0.000     0.000
     0.000     0.000     0.000     0.000     4.519     0.000     0.000
     0.000     0.000     0.000     0.000     4.531     0.000     0.000
     0.000     0.000     0.000     0.000     4.544     0.000     0.000
     0.000     0.000     0.000     0.000     4.556     0.000     0.000
     0.000     0.000     0.000     0.000     4.569     0.000     0.000
     0.000     0.000     0.000     0.000     4.581     0.000     0.000
     0.000     0.000     0.000     0.000     4.593     0.000     0.000
     0.000     0.000     0.000     0.000     4.606     0.000     0.000
     0.000     0.000     0.000     0.000     4.618     0.000     0.000
     0.000     0.000     0.000     0.000     4.630     0.000     0.000
     0.000     0.000     0.000     0.000     4.643     0.000     0.000
     0.000     0.000     0.000     0.000     4.655     0.000     0.000
     0.000     0.000     0.000     0.000     4.667     0.000     0.000
     0.000     0.000     0.000     0.000     4.680     0.000     0.000
     0.000     0.000     0.000     0.000     4.692     0.000     0.000
     0.000     0.000     0.000     0.000     4.705     0.000     0.000
     0.000     0.000     0.000     0.000     4.717     0.000     0.000
     0.000     0.000     0.000     0.000     4.729     0.000     0.000
     0.000     0.000     0.000     0.000     4.742     0.000     0.000
     0.025     0.000     0.025     0.062     4.754     0.000     0.000
     0.050     0.000     0.050     0.078     4.766     0.000     0.000
     0.050     0.000     0.050     0.093     4.779     0.000     0.000
     0.050     0.000     0.050     0.108     4.791     0.000     0.000
     0.050     0.000     0.050     0.123     4.803     0.000     0.000
     0.050     0.000     0.050     0.138     0.000     0.000     0.000
     0.050     0.000     0.050     0.153     0.000     0.000     0.000
     0.050     0.000     0.050     0.168     0.000     0.000     0.000
     0.050     0.000     0.050     0.183     0.000     0.000     0.000
     0.050     0.000     0.050     0.198     0.000     0.000     0.000
     0.050     0.000     0.050     0.213     0.000     0.000     0.000
     0.050     0.000     0.050     0.228     0.000     0.000     0.000
     0.050     0.000     0.050     0.244     0.000     0.000     0.000
     0.050     0.000     0.050     0.259     0.000     0.000     0.000
     0.050     0.000     0.050     0.274     0.000     0.000     0.000
     0.050     0.000     0.050     0.289     0.000     0.000     0.000
     0.050     0.000     0.050     0.304     0.000     0.000     0.000
     0.050     0.000     0.050     0.319     0.000     0.000     0.000
     0.050     0.000     0.050     0.334     0.000     0.000     0.000
     0.050     0.000     0.050     0.349     0.000     0.000     0.000
     0.050     0.000     0.050     0.364     0.000     0.000     0.000
     0.050     0.000     0.050     0.379     0.000     0.000     0.000
     0.102     0.000     0.102     0.394     0.000     0.000     0.000
     0.155     0.000     0.155     0.409     0.000     0.000     0.000
     0.207     0.000     0.207     0.425     0.000     0.000     0.000
     0.259     0.000     0.259     0.440     0.000     0.000     0.000
     0.311     0.000     0.311     0.455     0.000     0.000     0.000
     0.364     0.000     0.364     0.470     0.000     0.000     0.000
     0.416     0.000     0.416     0.485     0.000     0.000     0.000
     0.468     0.000     0.468     0.500     0.000     0.000     0.000
     0.520     0.000     0.520     0.505     0.000     0.000     0.000
     0.573     0.000     0.573     0.511     0.000     0.000     0.000
     0.625     0.000     0.625     0.516     0.000     0.000     0.000
     0.677     0.000     0.677     0.522     0.000     0.000     0.000
     0.729     0.000     0.729     0.527     0.000     0.000     0.000
     0.782     0.000     0.782     0.532     0.000     0.000     0.000
     0.834     0.000     0.834     0.538     0.000     0.000     0.000
     0.886     0.000     0.886     0.543     0.000     0.000     0.000
     0.938     0.000     0.938     0.549     0.000     0.000     0.000
     0.991     0.000     0.991     0.554     0.000     0.000     0.000
     1.043     0.000     1.043     0.559     0.000     0.000     0.000
     1.095     0.000     1.095     0.565     0.000     0.000     0.000
     1.147     0.000     1.147     0.570     0.000     0.000     0.000
     1.200     0.000     1.200     0.576     0.000     0.000     0.000
     1.252     0.000     1.252     0.581     0.000     0.000     0.000
     1.304     0.000     1.304     0.586     0.000     0.000     0.000
     1.356     0.000     1.356     0.592     0.000     0.000     0.000
     1.409     0.000     1.409     0.597     0.000     0.000     0.000
     1.461     0.000     1.461     0.603     0.000     0.000     0.000
     1.513     0.000     1.513     0.608     0.000     0.000     0.000
     1.565     0.000     1.565     0.613     0.000     0.000     0.000
     1.618     0.000     1.618     0.619     0.000     0.000     0.000
     1.670     0.000     1.670     0.624     0.000     0.000     0.000
     1.722     0.000     1.722     0.630     0.000     0.000     0.000
     1.774     0.000     1.774     0.635     0.000     0.000     0.000
     1.827     0.000     1.827     0.640     0.000     0.000     0.000
     1.879     0.000     1.879     0.646     0.000     0.000     0.000
     1.931     0.000     1.931     0.651     0.000     0.000     0.000
     1.983     0.000     1.983     0.657     0.000     0.000     0.000
     2.036     0.000     2.036     0.662     0.000     0.000     0.000
     2.088     0.000     2.088     0.667     0.000     0.000     0.000
     2.140     0.000     2.140     0.673     0.000     0.000     0.000
     2.192     0.000     2.192     0.678     0.000     0.000     0.000
     2.245     0.000     2.245     0.684     0.000     0.000     0.000
     2.297     0.000     2.297     0.689     0.000     0.000     0.000
     2.349     0.000     2.349     0.694     0.000     0.000     0.000
     2.402     0.000     2.402     0.700     0.000     0.000     0.000
     2.454     0.000     2.454     0.705     0.000     0.000     0.000
     2.506     0.000     2.506     0.711     0.000     0.000     0.000
     2.558     0.000     2.558     0.716     0.000     0.000     0.000
