 CrID_1 CrID_2 CrID_3 CrID_4 CrID_5 CrID_6 CrID_7
     0.500     0.000     0.500     0.335     0.000     0.000     0.000
     0.500     0.000     0.500     0.335     0.000     0.000     0.000
     0.500     0.000     0.500     0.336     0.000     0.000     0.000
     0.500     0.000     0.500     0.337     0.000     0.000     0.000
     0.500     0.000     0.500     0.338     0.000     0.000     0.000
     0.500     0.000     0.500     0.338     0.000     0.000     0.000
     0.500     0.000     0.500     0.339     0.000     0.000     0.000
     0.500     0.000     0.500     0.340     0.000     0.000     0.000
     0.500     0.000     0.500     0.340     0.000     0.000     0.000
     0.500     0.000     0.500     0.341     0.000     0.000     0.000
     0.500     0.000     0.500     0.342     0.000     0.000     0.000
     0.500     0.000     0.500     0.343     0.000     0.000     0.000
     0.500     0.000     0.500     0.343     0.000     0.000     0.000
     0.500     0.000     0.500     0.344     0.000     0.000     0.000
     0.500     0.000     0.500     0.345     0.000     0.000     0.000
     0.500     0.000     0.500     0.346     0.000     0.000     0.000
     0.500     0.000     0.500     0.346     0.000     0.000     0.000
     0.500     0.000     0.500     0.347     0.000     0.000     0.000
     0.500     0.000     0.500     0.348     0.000     0.000     0.000
     0.500     0.000     0.500     0.349     0.000     0.000     0.000
     0.500     0.000     0.500     0.349     0.000     0.000     0.000
     0.500     0.000     0.500     0.350     0.000     0.000     0.000
     0.500     0.000     0.500     0.351     0.000     0.000     0.000
     0.500     0.000     0.500     0.352     0.000     0.000     0.000
     0.500     0.000     0.500     0.352     0.000     0.000     0.000
     0.500     0.000     0.500     0.353     0.000     0.000     0.000
     0.500     0.000     0.500     0.354     0.000     0.000     0.000
     0.500     0.000     0.500     0.354     0.000     0.000     0.000
     0.500     0.000     0.500     0.355     0.000     0.000     0.000
     0.500     0.000     0.500     0.356     0.000     0.000     0.000
     0.500     0.000     0.500     0.357     0.000     0.000     0.000
     0.500     0.000     0.500     0.357     0.000     0.000     0.000
     0.500     0.000     0.500     0.358     0.000     0.000     0.000
     0.500     0.000     0.500     0.359     0.000     0.000     0.000
     0.500     0.000     0.500     0.360     0.000     0.000     0.000
     0.509     0.000     0.509     0.360     0.000     0.000     0.000
     0.519     0.000     0.519     0.361     0.000     0.000     0.000
     0.528     0.000     0.528     0.362     0.000     0.000     0.000
     0.537     0.000     0.537     0.363     0.000     0.000     0.000
     0.546     0.000     0.546     0.363     0.000     0.000     0.000
     0.556     0.000     0.556     0.364     0.000     0.000     0.000
     0.565     0.000     0.565     0.365     0.000     0.000     0.000
     0.574     0.000     0.574     0.366     0.000     0.000     0.000
     0.583     0.000     0.583     0.366     0.000     0.000     0.000
     0.593     0.000     0.593     0.367     0.000     0.000     0.000
     0.602     0.000     0.602     0.368     0.000     0.000     0.000
     0.611     0.000     0.611     0.368     0.000     0.000     0.000
     0.620     0.000     0.620     0.369     0.000     0.000     0.000
     0.630     0.000     0.630     0.370     0.000     0.000     0.000
     0.639     0.000     0.639     0.371     0.000     0.000     0.000
     0.648     0.000     0.648     0.371     0.000     0.000     0.000
     0.657     0.000     0.657     0.372     0.000     0.000     0.000
     0.667     0.000     0.667     0.373     0.000     0.000     0.000
     0.676     0.000     0.676     0.374     0.000     0.000     0.000
     0.685     0.000     0.685     0.374     0.000     0.000     0.000
     0.694     0.000     0.694     0.375     0.000     0.000     0.000
     0.704     0.000     0.704     0.376     0.000     0.000     0.000
     0.713     0.000     0.713     0.377     0.000     0.000     0.000
     0.722     0.000     0.722     0.377     0.000     0.000     0.000
     0.731     0.000     0.731     0.378     0.000     0.000     0.000
     0.741     0.000     0.741     0.000     0.000     0.000     0.000
     0.750     0.000     0.750     0.000     0.000     0.000     0.000
     0.759     0.000     0.759     0.000     0.000     0.000     0.000
     0.769     0.000     0.769     0.000     0.000     0.000     0.000
     0.778     0.000     0.778     0.000     0.000     0.000     0.000
     0.787     0.000     0.787     0.000     0.000     0.000     0.000
     0.796     0.000     0.796     0.000     0.000     0.000     0.000
     0.806     0.000     0.806     0.000     0.000     0.000     0.000
     0.815     0.000     0.815     0.000     0.000     0.000     0.000
     0.824     0.000     0.824     0.000     0.000     0.000     0.000
     0.833     0.000     0.833     0.000     0.000     0.000     0.000
     0.843     0.000     0.843     0.000     0.000     0.000     0.000
     0.852     0.000     0.852     0.000     0.000     0.000     0.000
     0.861     0.000     0.861     0.000     0.000     0.000     0.000
     0.870     0.000     0.870     0.000     0.000     0.000     0.000
     0.880     0.000     0.880     0.000     0.000     0.000     0.000
     0.889     0.000     0.889     0.000     0.000     0.000     0.000
     0.898     0.000     0.898     0.000     0.000     0.000     0.000
     0.907     0.000     0.907     0.000     0.000     0.000     0.000
     0.917     0.000     0.917     0.000     0.000     0.000     0.000
     0.926     0.000     0.926     0.000     0.000     0.000     0.000
     0.935     0.000     0.935     0.000     0.000     0.000     0.750
     0.944     0.000     0.944     0.000     0.000     0.000     0.750
     0.954     0.000     0.000     0.000     0.000     0.000     0.750
     0.963     0.000     0.000     0.000     0.000     0.000     0.750
     0.972     0.000     0.000     0.000     0.000     0.000     0.750
     0.981     0.000     0.000     0.000     0.000     0.000     0.750
     0.991     0.000     0.000     0.000     0.000     0.000     0.750
     1.000     0.000     0.000     0.000     0.000     0.000     0.750
     1.000     0.000     0.000     0.000     0.000     0.000     0.750
     1.000     0.300     0.300     0.300     0.000     0.000     0.750
     1.000     0.300     0.300     0.300     0.000     0.000     0.750
     1.000     0.300     0.300     0.300     0.000     0.000     0.750
     1.000     0.300     0.300     0.300     0.000     0.000     0.750
     1.000     0.300     0.300     0.300     0.000     0.000     0.750
     1.000     0.300     0.300     0.300     0.000     0.000     0.750
     1.000     0.300     0.300     0.300     0.000     0.000     0.750
     1.000     0.300     0.300     0.300     0.000     0.000     0.750
     1.000     0.300     0.300     0.300     0.000     0.000     0.750
     1.000     0.300     0.300     0.300     0.000     0.000     0.750
     1.000     0.300     0.300     0.300     0.000     0.000     0.750
     1.000     0.300     0.300     0.300     0.000     0.000     0.750
     1.000     0.300     0.300     0.300     0.000     0.000     0.750
     1.000     0.307     0.307     0.307     0.000     0.000     0.750
     1.000     0.315     0.315     0.315     0.000     0.000     0.750
     1.000     0.322     0.322     0.322     0.000     0.000     0.750
     1.000     0.330     0.330     0.330     0.000     0.000     0.750
     1.000     0.337     0.337     0.337     0.000     0.000     0.750
     1.000     0.344     0.344     0.344     0.000     0.000     0.750
     1.000     0.352     0.352     0.352     0.000     0.300     0.750
     1.000     0.359     0.359     0.359     0.000     0.300     0.750
     1.000     0.367     0.367     0.367     0.000     0.336     0.750
     1.000     0.374     0.374     0.374     0.000     0.373     0.750
     1.000     0.381     0.381     0.381     0.000     0.409     0.750
     1.000     0.389     0.389     0.389     0.000     0.445     0.750
     1.000     0.396     0.396     0.396     0.000     0.482     0.750
     1.000     0.404     0.404     0.404     0.000     0.518     0.750
     1.000     0.411     0.411     0.411     0.000     0.555     0.750
     1.000     0.419     0.419     0.419     0.000     0.591     0.750
     1.000     0.426     0.426     0.426     0.000     0.627     0.750
     1.000     0.433     0.433     0.433     0.000     0.664     0.750
     1.000     0.441     0.441     0.441     0.000     0.700     0.750
     1.000     0.448     0.448     0.448     0.000     0.711     0.750
     1.000     0.456     0.456     0.456     0.000     0.721     0.750
     1.000     0.463     0.463     0.463     0.000     0.732     0.750
     1.000     0.470     0.470     0.470     0.000     0.743     0.750
     1.000     0.478     0.478     0.478     0.000     0.754     0.750
     1.000     0.485     0.485     0.485     0.000     0.764     0.750
     1.000     0.493     0.493     0.493     0.000     0.775     0.750
     1.000     0.500     0.500     0.500     0.000     0.786     0.750
     1.000     0.508     0.508     0.508     0.000     0.796     0.750
     1.000     0.516     0.516     0.516     0.000     0.807     0.750
     1.000     0.524     0.524     0.524     0.000     0.818     0.750
     1.000     0.532     0.532     0.532     0.000     0.829     0.750
     1.000     0.540     0.540     0.540     0.000     0.839     0.750
     1.000     0.548     0.548     0.548     0.000     0.850     0.750
     1.000     0.556     0.556     0.556     0.000     0.861     0.750
     1.000     0.564     0.564     0.564     0.000     0.871     0.750
     1.000     0.572     0.572     0.572     0.000     0.882     0.750
     1.000     0.580     0.580     0.580     0.000     0.893     0.750
     1.000     0.588     0.588     0.588     0.000     0.904     0.750
     1.000     0.595     0.595     0.595     0.000     0.914     0.750
     1.000     0.603     0.603     0.603     0.000     0.925     0.750
     1.000     0.611     0.611     0.611     0.000     0.936     0.750
     1.000     0.619     0.619     0.619     0.000     0.946     0.750
     1.000     0.627     0.627     0.627     0.000     0.957     0.750
     1.000     0.635     0.635     0.635     0.000     0.968     0.750
     1.000     0.643     0.643     0.643     0.000     0.979     0.750
     1.000     0.651     0.651     0.651     0.000     0.989     0.750
     1.000     0.659     0.659     0.659     0.000     1.000     0.750
     1.000     0.667     0.667     0.667     0.000     1.000     0.750
     1.000     0.675     0.675     0.675     0.000     1.000     0.750
     1.000     0.683     0.683     0.683     0.000     1.000     0.750
     1.000     0.691     0.691     0.691     0.000     1.000     0.750
     1.000     0.699     0.699     0.699     0.000     1.000     0.750
     1.000     0.707     0.707     0.707     0.000     1.000     0.750
     1.000     0.715     0.715     0.715     0.000     1.000     0.750
     1.000     0.723     0.723     0.723     0.000     1.000     0.750
     1.000     0.731     0.731     0.731     0.000     1.000     0.750
     1.000     0.739     0.739     0.739     0.000     1.000     0.750
     1.000     0.747     0.747     0.747     0.000     1.000     0.750
     1.000     0.755     0.755     0.755     0.000     1.000     0.750
     1.000     0.762     0.762     0.762     0.000     1.000     0.750
     1.000     0.770     0.770     0.770     0.000     1.000     0.750
     1.000     0.778     0.778     0.778     0.000     1.000     0.750
     1.000     0.786     0.786     0.786     0.000     1.000     0.750
     1.000     0.794     0.794     0.794     0.000     1.000     0.750
     1.000     0.802     0.802     0.802     0.000     1.000     0.750
     1.000     0.810     0.810     0.810     0.000     1.000     0.750
     1.000     0.818     0.818     0.818     0.000     1.000     0.750
     1.000     0.826     0.826     0.826     0.000     1.000     0.750
     1.000     0.834     0.834     0.834     0.000     1.000     0.750
     1.000     0.842     0.842     0.842     0.000     1.000     0.750
     1.000     0.850     0.850     0.850     0.000     1.000     0.750
     1.000     0.850     0.850     0.850     0.000     1.000     0.750
     0.000     0.850     0.850     0.850     0.000     1.000     0.750
     0.000     0.850     0.850     0.850     0.000     1.000     0.750
     0.000     0.850     0.850     0.850     0.000     1.000     0.750
     0.000     0.850     0.850     0.850     0.000     1.000     0.750
     0.000     0.850     0.850     0.850     0.000     1.000     0.750
     0.000     0.850     0.850     0.850     0.000     1.000     0.750
     0.000     0.850     0.850     0.850     0.000     1.000     0.750
     0.000     0.850     0.850     0.850     0.000     1.000     0.750
     0.000     0.850     0.850     0.850     0.000     1.000     0.750
     0.000     0.850     0.850     0.850     0.000     1.000     0.750
     0.000     0.850     0.850     0.850     0.000     1.000     0.750
     0.000     0.850     0.850     0.850     0.000     1.000     0.750
     0.000     0.850     0.850     0.850     0.000     1.000     0.750
     0.000     0.850     0.850     0.850     0.000     1.000     0.750
     0.000     0.850     0.850     0.850     0.000     1.000     0.750
     0.000     0.850     0.850     0.850     0.000     1.000     0.750
     0.000     0.850     0.850     0.850     0.000     1.000     0.750
     0.000     0.850     0.850     0.850     0.000     1.000     0.750
     0.000     0.850     0.850     0.850     0.000     1.000     0.750
     0.000     0.850     0.850     0.850     0.000     1.000     0.750
     0.000     0.850     0.850     0.850     0.300     1.000     0.750
     0.000     0.850     0.850     0.850     0.300     1.000     0.750
     0.000     0.850     0.850     0.850     0.300     1.000     0.750
     0.000     0.850     0.850     0.850     0.300     1.000     0.750
     0.000     0.850     0.850     0.850     0.300     1.000     0.750
     0.000     0.850     0.850     0.850     0.300     1.000     0.750
     0.000     0.850     0.850     0.850     0.500     1.000     0.750
     0.000     0.850     0.850     0.850     0.500     1.000     0.750
     0.000     0.850     0.850     0.850     0.500     1.000     0.750
     0.000     0.850     0.850     0.850     0.500     0.000     0.750
     0.000     0.850     0.850     0.850     0.500     0.000     0.750
     0.000     0.850     0.850     0.850     0.500     0.000     0.750
     0.000     0.850     0.850     0.850     0.500     0.000     0.750
     0.000     0.850     0.850     0.850     0.500     0.000     0.750
     0.000     0.850     0.850     0.850     0.500     0.000     0.750
     0.000     0.850     0.850     0.850     0.500     0.000     0.750
     0.000     0.850     0.850     0.850     0.500     0.000     0.750
     0.000     0.850     0.850     0.850     0.516     0.000     0.750
     0.000     0.850     0.850     0.850     0.532     0.000     0.750
     0.000     0.850     0.850     0.850     0.548     0.000     0.750
     0.000     0.850     0.850     0.850     0.565     0.000     0.750
     0.000     0.850     0.850     0.850     0.581     0.000     0.750
     0.000     0.850     0.850     0.850     0.597     0.000     0.750
     0.000     0.850     0.850     0.850     0.613     0.000     0.750
     0.000     0.850     0.850     0.850     0.629     0.000     0.750
     0.000     0.850     0.850     0.850     0.645     0.000     0.750
     0.000     0.850     0.850     0.850     0.661     0.000     0.750
     0.000     0.850     0.850     0.850     0.677     0.000     0.750
     0.000     0.850     0.850     0.850     0.694     0.000     0.750
     0.000     0.850     0.850     0.850     0.710     0.000     0.750
     0.000     0.850     0.850     0.850     0.726     0.000     0.750
     0.000     0.850     0.850     0.850     0.742     0.000     0.750
     0.000     0.850     0.850     0.850     0.758     0.000     0.750
     0.000     0.850     0.850     0.850     0.774     0.000     0.750
     0.000     0.850     0.850     0.850     0.790     0.000     0.750
     0.000     0.850     0.850     0.850     0.806     0.000     0.750
     0.000     0.850     0.850     0.850     0.823     0.000     0.750
     0.000     0.850     0.850     0.850     0.839     0.000     0.750
     0.000     0.850     0.850     0.850     0.855     0.000     0.750
     0.000     0.850     0.850     0.850     0.871     0.000     0.750
     0.000     0.850     0.850     0.850     0.887     0.000     0.750
     0.000     0.850     0.850     0.850     0.903     0.000     0.750
     0.000     0.850     0.850     0.850     0.919     0.000     0.750
     0.000     0.850     0.850     0.850     0.935     0.000     0.750
     0.000     0.850     0.850     0.850     0.952     0.000     0.750
     0.000     0.850     0.850     0.850     0.968     0.000     0.750
     0.000     0.850     0.850     0.850     0.984     0.000     0.750
     0.000     0.850     0.850     0.850     1.000     0.000     0.750
     0.000     0.850     0.850     0.850     1.000     0.000     0.750
     0.000     0.850     0.850     0.850     1.000     0.000     0.750
     0.000     0.850     0.850     0.850     1.000     0.000     0.750
     0.000     0.850     0.850     0.850     1.000     0.000     0.750
     0.000     0.850     0.850     0.850     1.000     0.000     0.750
     0.000     0.850     0.850     0.850     1.000     0.000     0.750
     0.000     0.000     0.000     0.000     1.000     0.000     0.750
     0.000     0.000     0.000     0.000     1.000     0.000     0.000
     0.000     0.000     0.000     0.000     1.000     0.000     0.000
     0.000     0.000     0.000     0.000     1.000     0.000     0.000
     0.000     0.000     0.000     0.000     1.000     0.000     0.000
     0.000     0.000     0.000     0.000     1.000     0.000     0.000
     0.000     0.000     0.000     0.000     1.000     0.000     0.000
     0.000     0.000     0.000     0.000     1.000     0.000     0.000
     0.000     0.000     0.000     0.000     1.000     0.000     0.000
     0.000     0.000     0.000     0.000     1.000     0.000     0.000
     0.000     0.000     0.000     0.000     1.000     0.000     0.000
     0.000     0.000     0.000     0.000     1.000     0.000     0.000
     0.000     0.000     0.000     0.000     1.000     0.000     0.000
     0.000     0.000     0.000     0.000     1.000     0.000     0.000
     0.000     0.000     0.000     0.000     1.000     0.000     0.000
     0.000     0.000     0.000     0.000     1.000     0.000     0.000
     0.000     0.000     0.000     0.000     1.000     0.000     0.000
     0.000     0.000     0.000     0.000     1.000     0.000     0.000
     0.000     0.000     0.000     0.000     1.000     0.000     0.000
     0.000     0.000     0.000     0.000     1.000     0.000     0.000
     0.000     0.000     0.000     0.000     1.000     0.000     0.000
     0.000     0.000     0.000     0.000     1.000     0.000     0.000
     0.000     0.000     0.000     0.000     1.000     0.000     0.000
     0.000     0.000     0.000     0.000     1.000     0.000     0.000
     0.000     0.000     0.000     0.000     1.000     0.000     0.000
     0.000     0.000     0.000     0.000     1.000     0.000     0.000
     0.000     0.000     0.000     0.000     1.000     0.000     0.000
     0.000     0.000     0.000     0.000     1.000     0.000     0.000
     0.000     0.000     0.000     0.000     1.000     0.000     0.000
     0.000     0.000     0.000     0.000     1.000     0.000     0.000
     0.000     0.000     0.000     0.000     1.000     0.000     0.000
     0.000     0.000     0.000     0.000     1.000     0.000     0.000
     0.000     0.000     0.000     0.000     1.000     0.000     0.000
     0.000     0.000     0.000     0.000     1.000     0.000     0.000
     0.000     0.000     0.000     0.000     1.000     0.000     0.000
     0.000     0.000     0.000     0.000     1.000     0.000     0.000
     0.000     0.000     0.000     0.000     1.000     0.000     0.000
     0.000     0.000     0.000     0.000     1.000     0.000     0.000
     0.300     0.000     0.300     0.000     1.000     0.000     0.000
     0.300     0.000     0.300     0.000     1.000     0.000     0.000
     0.300     0.000     0.300     0.000     1.000     0.000     0.000
     0.300     0.000     0.300     0.000     1.000     0.000     0.000
     0.300     0.000     0.300     0.000     1.000     0.000     0.000
     0.300     0.000     0.300     0.000     1.000     0.000     0.000
     0.300     0.000     0.300     0.000     1.000     0.000     0.000
     0.300     0.000     0.300     0.000     1.000     0.000     0.000
     0.300     0.000     0.300     0.000     1.000     0.000     0.000
     0.300     0.000     0.300     0.000     1.000     0.000     0.000
     0.300     0.000     0.300     0.000     1.000     0.000     0.000
     0.300     0.000     0.300     0.000     1.000     0.000     0.000
     0.367     0.000     0.367     0.000     1.000     0.000     0.000
     0.433     0.000     0.433     0.000     0.000     0.000     0.000
     0.500     0.000     0.500     0.000     0.000     0.000     0.000
     0.500     0.000     0.500     0.000     0.000     0.000     0.000
     0.500     0.000     0.500     0.000     0.000     0.000     0.000
     0.500     0.000     0.500     0.000     0.000     0.000     0.000
     0.500     0.000     0.500     0.000     0.000     0.000     0.000
     0.500     0.000     0.500     0.000     0.000     0.000     0.000
     0.500     0.000     0.500     0.000     0.000     0.000     0.000
     0.500     0.000     0.500     0.000     0.000     0.000     0.000
     0.500     0.000     0.500     0.000     0.000     0.000     0.000
     0.500     0.000     0.500     0.030     0.000     0.000     0.000
     0.500     0.000     0.500     0.060     0.000     0.000     0.000
     0.500     0.000     0.500     0.090     0.000     0.000     0.000
     0.500     0.000     0.500     0.120     0.000     0.000     0.000
     0.500     0.000     0.500     0.150     0.000     0.000     0.000
     0.500     0.000     0.500     0.180     0.000     0.000     0.000
     0.500     0.000     0.500     0.210     0.000     0.000     0.000
     0.500     0.000     0.500     0.240     0.000     0.000     0.000
     0.500     0.000     0.500     0.270     0.000     0.000     0.000
     0.500     0.000     0.500     0.300     0.000     0.000     0.000
     0.500     0.000     0.500     0.301     0.000     0.000     0.000
     0.500     0.000     0.500     0.302     0.000     0.000     0.000
     0.500     0.000     0.500     0.302     0.000     0.000     0.000
     0.500     0.000     0.500     0.303     0.000     0.000     0.000
     0.500     0.000     0.500     0.304     0.000     0.000     0.000
     0.500     0.000     0.500     0.305     0.000     0.000     0.000
     0.500     0.000     0.500     0.306     0.000     0.000     0.000
     0.500     0.000     0.500     0.307     0.000     0.000     0.000
     0.500     0.000     0.500     0.307     0.000     0.000     0.000
     0.500     0.000     0.500     0.308     0.000     0.000     0.000
     0.500     0.000     0.500     0.309     0.000     0.000     0.000
     0.500     0.000     0.500     0.310     0.000     0.000     0.000
     0.500     0.000     0.500     0.311     0.000     0.000     0.000
     0.500     0.000     0.500     0.311     0.000     0.000     0.000
     0.500     0.000     0.500     0.312     0.000     0.000     0.000
     0.500     0.000     0.500     0.313     0.000     0.000     0.000
     0.500     0.000     0.500     0.314     0.000     0.000     0.000
     0.500     0.000     0.500     0.315     0.000     0.000     0.000
     0.500     0.000     0.500     0.315     0.000     0.000     0.000
     0.500     0.000     0.500     0.316     0.000     0.000     0.000
     0.500     0.000     0.500     0.317     0.000     0.000     0.000
     0.500     0.000     0.500     0.318     0.000     0.000     0.000
     0.500     0.000     0.500     0.319     0.000     0.000     0.000
     0.500     0.000     0.500     0.320     0.000     0.000     0.000
     0.500     0.000     0.500     0.320     0.000     0.000     0.000
     0.500     0.000     0.500     0.321     0.000     0.000     0.000
     0.500     0.000     0.500     0.322     0.000     0.000     0.000
     0.500     0.000     0.500     0.323     0.000     0.000     0.000
     0.500     0.000     0.500     0.324     0.000     0.000     0.000
     0.500     0.000     0.500     0.324     0.000     0.000     0.000
     0.500     0.000     0.500     0.325     0.000     0.000     0.000
     0.500     0.000     0.500     0.326     0.000     0.000     0.000
     0.500     0.000     0.500     0.327     0.000     0.000     0.000
     0.500     0.000     0.500     0.328     0.000     0.000     0.000
     0.500     0.000     0.500     0.329     0.000     0.000     0.000
     0.500     0.000     0.500     0.329     0.000     0.000     0.000
     0.500     0.000     0.500     0.330     0.000     0.000     0.000
     0.500     0.000     0.500     0.331     0.000     0.000     0.000
     0.500     0.000     0.500     0.332     0.000     0.000     0.000
     0.500     0.000     0.500     0.333     0.000     0.000     0.000
     0.500     0.000     0.500     0.333     0.000     0.000     0.000
     0.500     0.000     0.500     0.334     0.000     0.000     0.000
     0.500     0.000     0.500     0.335     0.000     0.000     0.000
     0.500     0.000     0.500     0.336     0.000     0.000     0.000
     0.500     0.000     0.500     0.337     0.000     0.000     0.000
     0.500     0.000     0.500     0.337     0.000     0.000     0.000
     0.500     0.000     0.500     0.338     0.000     0.000     0.000
     0.500     0.000     0.500     0.339     0.000     0.000     0.000
     0.500     0.000     0.500     0.340     0.000     0.000     0.000
     0.500     0.000     0.500     0.341     0.000     0.000     0.000
     0.500     0.000     0.500     0.342     0.000     0.000     0.000
     0.500     0.000     0.500     0.342     0.000     0.000     0.000
     0.500     0.000     0.500     0.343     0.000     0.000     0.000
     0.500     0.000     0.500     0.344     0.000     0.000     0.000
     0.500     0.000     0.500     0.345     0.000     0.000     0.000
     0.500     0.000     0.500     0.346     0.000     0.000     0.000
     0.500     0.000     0.500     0.346     0.000     0.000     0.000
     0.500     0.000     0.500     0.347     0.000     0.000     0.000
     0.500     0.000     0.500     0.348     0.000     0.000     0.000
     0.500     0.000     0.500     0.349     0.000     0.000     0.000
     0.500     0.000     0.500     0.350     0.000     0.000     0.000
     0.500     0.000     0.500     0.350     0.000     0.000     0.000
     0.500     0.000     0.500     0.351     0.000     0.000     0.000
     0.500     0.000     0.500     0.352     0.000     0.000     0.000
     0.500     0.000     0.500     0.353     0.000     0.000     0.000
     0.500     0.000     0.500     0.354     0.000     0.000     0.000
     0.500     0.000     0.500     0.355     0.000     0.000     0.000
     0.500     0.000     0.500     0.355     0.000     0.000     0.000
     0.500     0.000     0.500     0.356     0.000     0.000     0.000
     0.500     0.000     0.500     0.357     0.000     0.000     0.000
     0.500     0.000     0.500     0.358     0.000     0.000     0.000
     0.500     0.000     0.500     0.359     0.000     0.000     0.000
     0.500     0.000     0.500     0.359     0.000     0.000     0.000
     0.500     0.000     0.500     0.360     0.000     0.000     0.000
     0.500     0.000     0.500     0.361     0.000     0.000     0.000
     0.500     0.000     0.500     0.362     0.000     0.000     0.000
     0.500     0.000     0.500     0.363     0.000     0.000     0.000
     0.500     0.000     0.500     0.364     0.000     0.000     0.000
     0.500     0.000     0.500     0.364     0.000     0.000     0.000
     0.509     0.000     0.509     0.365     0.000     0.000     0.000
     0.518     0.000     0.518     0.366     0.000     0.000     0.000
     0.526     0.000     0.526     0.367     0.000     0.000     0.000
     0.535     0.000     0.535     0.368     0.000     0.000     0.000
     0.544     0.000     0.544     0.368     0.000     0.000     0.000
     0.553     0.000     0.553     0.369     0.000     0.000     0.000
     0.561     0.000     0.561     0.370     0.000     0.000     0.000
     0.570     0.000     0.570     0.371     0.000     0.000     0.000
     0.579     0.000     0.579     0.372     0.000     0.000     0.000
     0.588     0.000     0.588     0.372     0.000     0.000     0.000
     0.596     0.000     0.596     0.373     0.000     0.000     0.000
     0.605     0.000     0.605     0.374     0.000     0.000     0.000
     0.614     0.000     0.614     0.375     0.000     0.000     0.000
     0.623     0.000     0.623     0.376     0.000     0.000     0.000
     0.632     0.000     0.632     0.377     0.000     0.000     0.000
     0.640     0.000     0.640     0.377     0.000     0.000     0.000
     0.649     0.000     0.649     0.378     0.000     0.000     0.000
     0.658     0.000     0.658     0.379     0.000     0.000     0.000
     0.667     0.000     0.667     0.380     0.000     0.000     0.000
     0.675     0.000     0.675     0.381     0.000     0.000     0.000
     0.684     0.000     0.684     0.381     0.000     0.000     0.000
     0.693     0.000     0.693     0.382     0.000     0.000     0.000
     0.702     0.000     0.702     0.383     0.000     0.000     0.000
     0.711     0.000     0.711     0.384     0.000     0.000     0.000
     0.719     0.000     0.719     0.385     0.000     0.000     0.000
     0.728     0.000     0.728     0.386     0.000     0.000     0.000
     0.737     0.000     0.737     0.000     0.000     0.000     0.000
     0.746     0.000     0.746     0.000     0.000     0.000     0.000
     0.754     0.000     0.754     0.000     0.000     0.000     0.000
     0.763     0.000     0.763     0.000     0.000     0.000     0.000
     0.772     0.000     0.772     0.000     0.000     0.000     0.000
     0.781     0.000     0.781     0.000     0.000     0.000     0.000
     0.789     0.000     0.789     0.000     0.000     0.000     0.000
     0.798     0.000     0.798     0.000     0.000     0.000     0.000
     0.807     0.000     0.807     0.000     0.000     0.000     0.000
     0.816     0.000     0.816     0.000     0.000     0.000     0.000
     0.825     0.000     0.825     0.000     0.000     0.000     0.000
     0.833     0.000     0.833     0.000     0.000     0.000     0.000
     0.842     0.000     0.842     0.000     0.000     0.000     0.000
     0.851     0.000     0.851     0.000     0.000     0.000     0.000
     0.860     0.000     0.860     0.000     0.000     0.000     0.000
     0.868     0.000     0.868     0.000     0.000     0.000     0.000
     0.877     0.000     0.877     0.000     0.000     0.000     0.000
     0.886     0.000     0.886     0.000     0.000     0.000     0.000
     0.895     0.000     0.895     0.000     0.000     0.000     0.750
     0.904     0.000     0.904     0.000     0.000     0.000     0.750
     0.912     0.000     0.912     0.000     0.000     0.000     0.750
     0.921     0.000     0.921     0.000     0.000     0.000     0.750
     0.930     0.000     0.930     0.000     0.000     0.000     0.750
     0.939     0.000     0.000     0.000     0.000     0.000     0.750
     0.947     0.000     0.000     0.000     0.000     0.000     0.750
     0.956     0.000     0.000     0.000     0.000     0.000     0.750
     0.965     0.000     0.000     0.000     0.000     0.000     0.750
     0.974     0.000     0.000     0.000     0.000     0.000     0.750
     0.982     0.000     0.000     0.000     0.000     0.000     0.750
     0.991     0.000     0.000     0.000     0.000     0.000     0.750
     1.000     0.300     0.300     0.300     0.000     0.000     0.750
     1.000     0.300     0.300     0.300     0.000     0.000     0.750
     1.000     0.300     0.300     0.300     0.000     0.000     0.750
     1.000     0.300     0.300     0.300     0.000     0.000     0.750
     1.000     0.300     0.300     0.300     0.000     0.000     0.750
     1.000     0.300     0.300     0.300     0.000     0.000     0.750
     1.000     0.300     0.300     0.300     0.000     0.000     0.750
     1.000     0.300     0.300     0.300     0.000     0.000     0.750
     1.000     0.300     0.300     0.300     0.000     0.000     0.750
     1.000     0.300     0.300     0.300     0.000     0.000     0.750
     1.000     0.300     0.300     0.300     0.000     0.000     0.750
     1.000     0.300     0.300     0.300     0.000     0.000     0.750
     1.000     0.300     0.300     0.300     0.000     0.000     0.750
     1.000     0.300     0.300     0.300     0.000     0.000     0.750
     1.000     0.309     0.309     0.309     0.000     0.000     0.750
     1.000     0.317     0.317     0.317     0.000     0.000     0.750
     1.000     0.326     0.326     0.326     0.000     0.000     0.750
     1.000     0.335     0.335     0.335     0.000     0.000     0.750
     1.000     0.343     0.343     0.343     0.000     0.000     0.750
     1.000     0.352     0.352     0.352     0.000     0.300     0.750
     1.000     0.361     0.361     0.361     0.000     0.300     0.750
     1.000     0.370     0.370     0.370     0.000     0.336     0.750
     1.000     0.378     0.378     0.378     0.000     0.373     0.750
     1.000     0.387     0.387     0.387     0.000     0.409     0.750
     1.000     0.396     0.396     0.396     0.000     0.445     0.750
     1.000     0.404     0.404     0.404     0.000     0.482     0.750
     1.000     0.413     0.413     0.413     0.000     0.518     0.750
     1.000     0.422     0.422     0.422     0.000     0.555     0.750
     1.000     0.430     0.430     0.430     0.000     0.591     0.750
     1.000     0.439     0.439     0.439     0.000     0.627     0.750
     1.000     0.448     0.448     0.448     0.000     0.664     0.750
     1.000     0.457     0.457     0.457     0.000     0.700     0.750
     1.000     0.465     0.465     0.465     0.000     0.714     0.750
     1.000     0.474     0.474     0.474     0.000     0.729     0.750
     1.000     0.483     0.483     0.483     0.000     0.743     0.750
     1.000     0.491     0.491     0.491     0.000     0.757     0.750
     1.000     0.500     0.500     0.500     0.000     0.771     0.750
     1.000     0.509     0.509     0.509     0.000     0.786     0.750
     1.000     0.519     0.519     0.519     0.000     0.800     0.750
     1.000     0.528     0.528     0.528     0.000     0.814     0.750
     1.000     0.538     0.538     0.538     0.000     0.829     0.750
     1.000     0.547     0.547     0.547     0.000     0.843     0.750
     1.000     0.557     0.557     0.557     0.000     0.857     0.750
     1.000     0.566     0.566     0.566     0.000     0.871     0.750
     1.000     0.576     0.576     0.576     0.000     0.886     0.750
     1.000     0.585     0.585     0.585     0.000     0.900     0.750
     1.000     0.595     0.595     0.595     0.000     0.914     0.750
     1.000     0.604     0.604     0.604     0.000     0.929     0.750
     1.000     0.614     0.614     0.614     0.000     0.943     0.750
     1.000     0.623     0.623     0.623     0.000     0.957     0.750
     1.000     0.632     0.632     0.632     0.000     0.971     0.750
     1.000     0.642     0.642     0.642     0.000     0.986     0.750
     1.000     0.651     0.651     0.651     0.000     1.000     0.750
     1.000     0.661     0.661     0.661     0.000     1.000     0.750
     1.000     0.670     0.670     0.670     0.000     1.000     0.750
     1.000     0.680     0.680     0.680     0.000     1.000     0.750
     1.000     0.689     0.689     0.689     0.000     1.000     0.750
     1.000     0.699     0.699     0.699     0.000     1.000     0.750
     1.000     0.708     0.708     0.708     0.000     1.000     0.750
     1.000     0.718     0.718     0.718     0.000     1.000     0.750
     1.000     0.727     0.727     0.727     0.000     1.000     0.750
     1.000     0.736     0.736     0.736     0.000     1.000     0.750
     1.000     0.746     0.746     0.746     0.000     1.000     0.750
     1.000     0.755     0.755     0.755     0.000     1.000     0.750
     1.000     0.765     0.765     0.765     0.000     1.000     0.750
     1.000     0.774     0.774     0.774     0.000     1.000     0.750
     1.000     0.784     0.784     0.784     0.000     1.000     0.750
     1.000     0.793     0.793     0.793     0.000     1.000     0.750
     1.000     0.803     0.803     0.803     0.000     1.000     0.750
     1.000     0.812     0.812     0.812     0.000     1.000     0.750
     1.000     0.822     0.822     0.822     0.000     1.000     0.750
     1.000     0.831     0.831     0.831     0.000     1.000     0.750
     1.000     0.841     0.841     0.841     0.000     1.000     0.750
     1.000     0.850     0.850     0.850     0.000     1.000     0.750
     1.000     0.850     0.850     0.850     0.000     1.000     0.750
     1.000     0.850     0.850     0.850     0.000     1.000     0.750
     1.000     0.850     0.850     0.850     0.000     1.000     0.750
     1.000     0.850     0.850     0.850     0.000     1.000     0.750
     1.000     0.850     0.850     0.850     0.000     1.000     0.750
     1.000     0.850     0.850     0.850     0.000     1.000     0.750
     0.000     0.850     0.850     0.850     0.000     1.000     0.750
     0.000     0.850     0.850     0.850     0.000     1.000     0.750
     0.000     0.850     0.850     0.850     0.000     1.000     0.750
     0.000     0.850     0.850     0.850     0.000     1.000     0.750
     0.000     0.850     0.850     0.850     0.000     1.000     0.750
     0.000     0.850     0.850     0.850     0.000     1.000     0.750
     0.000     0.850     0.850     0.850     0.000     1.000     0.750
     0.000     0.850     0.850     0.850     0.000     1.000     0.750
     0.000     0.850     0.850     0.850     0.000     1.000     0.750
     0.000     0.850     0.850     0.850     0.000     1.000     0.750
     0.000     0.850     0.850     0.850     0.000     1.000     0.750
     0.000     0.850     0.850     0.850     0.000     1.000     0.750
     0.000     0.850     0.850     0.850     0.000     1.000     0.750
     0.000     0.850     0.850     0.850     0.000     1.000     0.750
     0.000     0.850     0.850     0.850     0.000     1.000     0.750
     0.000     0.850     0.850     0.850     0.000     1.000     0.750
     0.000     0.850     0.850     0.850     0.000     1.000     0.750
     0.000     0.850     0.850     0.850     0.000     1.000     0.750
     0.000     0.850     0.850     0.850     0.000     1.000     0.750
     0.000     0.850     0.850     0.850     0.000     1.000     0.750
     0.000     0.850     0.850     0.850     0.000     1.000     0.750
     0.000     0.850     0.850     0.850     0.000     1.000     0.750
     0.000     0.850     0.850     0.850     0.000     1.000     0.750
     0.000     0.850     0.850     0.850     0.000     1.000     0.750
     0.000     0.850     0.850     0.850     0.000     0.000     0.750
     0.000     0.850     0.850     0.850     0.300     0.000     0.750
     0.000     0.850     0.850     0.850     0.300     0.000     0.750
     0.000     0.850     0.850     0.850     0.300     0.000     0.750
     0.000     0.850     0.850     0.850     0.300     0.000     0.750
     0.000     0.850     0.850     0.850     0.300     0.000     0.750
     0.000     0.850     0.850     0.850     0.500     0.000     0.750
     0.000     0.850     0.850     0.850     0.500     0.000     0.750
     0.000     0.850     0.850     0.850     0.500     0.000     0.750
     0.000     0.850     0.850     0.850     0.500     0.000     0.750
     0.000     0.850     0.850     0.850     0.500     0.000     0.750
     0.000     0.850     0.850     0.850     0.500     0.000     0.750
     0.000     0.850     0.850     0.850     0.500     0.000     0.750
     0.000     0.850     0.850     0.850     0.500     0.000     0.750
     0.000     0.850     0.850     0.850     0.500     0.000     0.750
     0.000     0.850     0.850     0.850     0.519     0.000     0.750
     0.000     0.850     0.850     0.850     0.538     0.000     0.750
     0.000     0.850     0.850     0.850     0.558     0.000     0.750
     0.000     0.850     0.850     0.850     0.577     0.000     0.750
     0.000     0.850     0.850     0.850     0.596     0.000     0.750
     0.000     0.850     0.850     0.850     0.615     0.000     0.750
     0.000     0.850     0.850     0.850     0.635     0.000     0.750
     0.000     0.850     0.850     0.850     0.654     0.000     0.750
     0.000     0.850     0.850     0.850     0.673     0.000     0.750
     0.000     0.850     0.850     0.850     0.692     0.000     0.750
     0.000     0.850     0.850     0.850     0.712     0.000     0.750
     0.000     0.850     0.850     0.850     0.731     0.000     0.750
     0.000     0.850     0.850     0.850     0.750     0.000     0.750
     0.000     0.850     0.850     0.850     0.769     0.000     0.750
     0.000     0.850     0.850     0.850     0.788     0.000     0.750
     0.000     0.850     0.850     0.850     0.808     0.000     0.750
     0.000     0.850     0.850     0.850     0.827     0.000     0.750
     0.000     0.850     0.850     0.850     0.846     0.000     0.750
     0.000     0.850     0.850     0.850     0.865     0.000     0.750
     0.000     0.000     0.000     0.000     0.885     0.000     0.750
     0.000     0.000     0.000     0.000     0.904     0.000     0.750
     0.000     0.000     0.000     0.000     0.923     0.000     0.750
     0.000     0.000     0.000     0.000     0.942     0.000     0.750
     0.000     0.000     0.000     0.000     0.962     0.000     0.750
     0.000     0.000     0.000     0.000     0.981     0.000     0.750
     0.000     0.000     0.000     0.000     1.000     0.000     0.750
     0.000     0.000     0.000     0.000     1.000     0.000     0.750
     0.000     0.000     0.000     0.000     1.000     0.000     0.750
     0.000     0.000     0.000     0.000     1.000     0.000     0.750
     0.000     0.000     0.000     0.000     1.000     0.000     0.750
     0.000     0.000     0.000     0.000     1.000     0.000     0.750
     0.000     0.000     0.000     0.000     1.000     0.000     0.750
     0.000     0.000     0.000     0.000     1.000     0.000     0.750
     0.000     0.000     0.000     0.000     1.000     0.000     0.750
     0.000     0.000     0.000     0.000     1.000     0.000     0.750
     0.000     0.000     0.000     0.000     1.000     0.000     0.750
     0.000     0.000     0.000     0.000     1.000     0.000     0.750
     0.000     0.000     0.000     0.000     1.000     0.000     0.000
     0.000     0.000     0.000     0.000     1.000     0.000     0.000
     0.000     0.000     0.000     0.000     1.000     0.000     0.000
     0.000     0.000     0.000     0.000     1.000     0.000     0.000
     0.000     0.000     0.000     0.000     1.000     0.000     0.000
     0.000     0.000     0.000     0.000     1.000     0.000     0.000
     0.000     0.000     0.000     0.000     1.000     0.000     0.000
     0.000     0.000     0.000     0.000     1.000     0.000     0.000
     0.000     0.000     0.000     0.000     1.000     0.000     0.000
     0.000     0.000     0.000     0.000     1.000     0.000     0.000
     0.000     0.000     0.000     0.000     1.000     0.000     0.000
     0.000     0.000     0.000     0.000     1.000     0.000     0.000
     0.000     0.000     0.000     0.000     1.000     0.000     0.000
     0.000     0.000     0.000     0.000     1.000     0.000     0.000
     0.000     0.000     0.000     0.000     1.000     0.000     0.000
     0.000     0.000     0.000     0.000     1.000     0.000     0.000
     0.000     0.000     0.000     0.000     1.000     0.000     0.000
     0.000     0.000     0.000     0.000     1.000     0.000     0.000
     0.000     0.000     0.000     0.000     1.000     0.000     0.000
     0.000     0.000     0.000     0.000     1.000     0.000     0.000
     0.000     0.000     0.000     0.000     1.000     0.000     0.000
     0.000     0.000     0.000     0.000     1.000     0.000     0.000
     0.000     0.000     0.000     0.000     1.000     0.000     0.000
     0.000     0.000     0.000     0.000     1.000     0.000     0.000
     0.000     0.000     0.000     0.000     1.000     0.000     0.000
     0.000     0.000     0.000     0.000     1.000     0.000     0.000
     0.000     0.000     0.000     0.000     1.000     0.000     0.000
     0.000     0.000     0.000     0.000     1.000     0.000     0.000
     0.000     0.000     0.000     0.000     1.000     0.000     0.000
     0.000     0.000     0.000     0.000     1.000     0.000     0.000
     0.000     0.000     0.000     0.000     1.000     0.000     0.000
     0.000     0.000     0.000     0.000     1.000     0.000     0.000
     0.000     0.000     0.000     0.000     1.000     0.000     0.000
     0.000     0.000     0.000     0.000     1.000     0.000     0.000
     0.000     0.000     0.000     0.000     1.000     0.000     0.000
     0.000     0.000     0.000     0.000     1.000     0.000     0.000
     0.000     0.000     0.000     0.000     1.000     0.000     0.000
     0.000     0.000     0.000     0.000     1.000     0.000     0.000
     0.000     0.000     0.000     0.000     1.000     0.000     0.000
     0.000     0.000     0.000     0.000     1.000     0.000     0.000
     0.000     0.000     0.000     0.000     1.000     0.000     0.000
     0.300     0.000     0.300     0.000     1.000     0.000     0.000
     0.300     0.000     0.300     0.000     1.000     0.000     0.000
     0.300     0.000     0.300     0.000     1.000     0.000     0.000
     0.300     0.000     0.300     0.000     1.000     0.000     0.000
     0.300     0.000     0.300     0.000     1.000     0.000     0.000
     0.300     0.000     0.300     0.000     1.000     0.000     0.000
     0.300     0.000     0.300     0.000     1.000     0.000     0.000
     0.300     0.000     0.300     0.000     1.000     0.000     0.000
     0.400     0.000     0.400     0.300     1.000     0.000     0.000
     0.500     0.000     0.500     0.307     1.000     0.000     0.000
     0.500     0.000     0.500     0.314     1.000     0.000     0.000
     0.500     0.000     0.500     0.321     1.000     0.000     0.000
     0.500     0.000     0.500     0.328     1.000     0.000     0.000
     0.500     0.000     0.500     0.334     0.000     0.000     0.000
     0.500     0.000     0.500     0.341     0.000     0.000     0.000
     0.500     0.000     0.500     0.348     0.000     0.000     0.000
     0.500     0.000     0.500     0.355     0.000     0.000     0.000
     0.500     0.000     0.500     0.362     0.000     0.000     0.000
     0.500     0.000     0.500     0.369     0.000     0.000     0.000
     0.500     0.000     0.500     0.376     0.000     0.000     0.000
     0.500     0.000     0.500     0.383     0.000     0.000     0.000
     0.500     0.000     0.500     0.390     0.000     0.000     0.000
     0.500     0.000     0.500     0.397     0.000     0.000     0.000
     0.500     0.000     0.500     0.403     0.000     0.000     0.000
     0.500     0.000     0.500     0.410     0.000     0.000     0.000
     0.500     0.000     0.500     0.417     0.000     0.000     0.000
     0.500     0.000     0.500     0.424     0.000     0.000     0.000
     0.500     0.000     0.500     0.431     0.000     0.000     0.000
     0.500     0.000     0.500     0.438     0.000     0.000     0.000
     0.500     0.000     0.500     0.445     0.000     0.000     0.000
     0.504     0.000     0.504     0.452     0.000     0.000     0.000
     0.508     0.000     0.508     0.459     0.000     0.000     0.000
     0.511     0.000     0.511     0.466     0.000     0.000     0.000
     0.515     0.000     0.515     0.472     0.000     0.000     0.000
     0.519     0.000     0.519     0.479     0.000     0.000     0.000
     0.523     0.000     0.523     0.486     0.000     0.000     0.000
     0.526     0.000     0.526     0.493     0.000     0.000     0.000
     0.530     0.000     0.530     0.500     0.000     0.000     0.000
     0.534     0.000     0.534     0.500     0.000     0.000     0.000
     0.538     0.000     0.538     0.501     0.000     0.000     0.000
     0.541     0.000     0.541     0.501     0.000     0.000     0.000
     0.545     0.000     0.545     0.502     0.000     0.000     0.000
     0.549     0.000     0.549     0.502     0.000     0.000     0.000
     0.553     0.000     0.553     0.503     0.000     0.000     0.000
     0.556     0.000     0.556     0.503     0.000     0.000     0.000
     0.560     0.000     0.560     0.504     0.000     0.000     0.000
     0.564     0.000     0.564     0.504     0.000     0.000     0.000
     0.568     0.000     0.568     0.505     0.000     0.000     0.000
     0.571     0.000     0.571     0.505     0.000     0.000     0.000
     0.575     0.000     0.575     0.506     0.000     0.000     0.000
     0.579     0.000     0.579     0.506     0.000     0.000     0.000
     0.583     0.000     0.583     0.507     0.000     0.000     0.000
     0.586     0.000     0.586     0.507     0.000     0.000     0.000
     0.590     0.000     0.590     0.508     0.000     0.000     0.000
     0.594     0.000     0.594     0.508     0.000     0.000     0.000
     0.598     0.000     0.598     0.509     0.000     0.000     0.000
     0.602     0.000     0.602     0.509     0.000     0.000     0.000
     0.605     0.000     0.605     0.509     0.000     0.000     0.000
     0.609     0.000     0.609     0.510     0.000     0.000     0.000
     0.613     0.000     0.613     0.510     0.000     0.000     0.000
     0.617     0.000     0.617     0.511     0.000     0.000     0.000
     0.620     0.000     0.620     0.511     0.000     0.000     0.000
     0.624     0.000     0.624     0.512     0.000     0.000     0.000
     0.628     0.000     0.628     0.512     0.000     0.000     0.000
     0.632     0.000     0.632     0.513     0.000     0.000     0.000
     0.635     0.000     0.635     0.513     0.000     0.000     0.000
     0.639     0.000     0.639     0.514     0.000     0.000     0.000
     0.643     0.000     0.643     0.514     0.000     0.000     0.000
     0.647     0.000     0.647     0.515     0.000     0.000     0.000
     0.650     0.000     0.650     0.515     0.000     0.000     0.000
     0.654     0.000     0.654     0.516     0.000     0.000     0.000
     0.658     0.000     0.658     0.516     0.000     0.000     0.000
     0.662     0.000     0.662     0.517     0.000     0.000     0.000
     0.665     0.000     0.665     0.517     0.000     0.000     0.000
     0.669     0.000     0.669     0.517     0.000     0.000     0.000
     0.673     0.000     0.673     0.518     0.000     0.000     0.000
     0.677     0.000     0.677     0.518     0.000     0.000     0.000
     0.680     0.000     0.680     0.519     0.000     0.000     0.000
